641999
4673560
8133007
8270650
8516125
13507133
14405450
14897106
16119609
19448150
20960221
22403239
22495906
23177413
27814509
31326812
33025773
33359527
35817002
36593460
37889833
40057683
41563614
42407922
42733523
42864014
44116287
44872886
49665560
52253848
52658958
54923597
60006045
62662611
63638217
64868983
71567763
72265778
74392380
78040578
79461990
80519607
80999937
87170036
88404749
91116239
92346026
95166433
96510645
103830382
104098851
104672748
106202415
107662155
116365023
118727799
120656913
122728366
122913481
123979519
126629404
127748318
129454790
131570270
132625866
134976928
136161995
137894123
139415618
139427831
139757693
139775685
140714252
143092142
143728619
145288604
145899658
147452414
150163873
151448136
153687727
164070840
164900091
165553849
169605132
170225908
170392061
172622930
173219043
173386905
175987127
176660789
179714103
180338422
180892100
181587611
185049507
189069529
189469925
195926008
197221202
199032689
203513040
203978996
207824968
210733657
210780440
213006424
213860703
214522531
215361396
219676463
220532619
223671844
225320278
233812231
234166803
234788562
235225180
240265163
242027669
242759029
248550421
249210612
249371435
253632849
256140668
257495997
263465878
266183412
269573759
272289442
274867609
275542424
275844542
277241560
277740667
278999727
281309779
283764838
286755769
286886028
290699199
295349107
296126261
297276760
300415175
301195754
307785709
308598209
310980946
312348071
315913979
318423461
322606183
325087697
325232304
325351088
330286443
331461961
332323832
338096121
339328941
340883111
341320437
341618888
341860266
343792128
345721119
346881381
347003474
349327349
355858746
356254551
357972704
363269247
365793349
367432247
368291546
368715690
369454054
373967874
376235769
378337239
385078248
385830821
387729544
394923232
405294225
405934358
406685061
411834905
414431550
416403093
420323399
421765376
425005465
425108256
437091158
437154031
442410012
445162967
445768743
445809730
445870902
446517985
447542706
449420081
450282953
451670148
453195859
458896740
461308355
462579766
465842069
471913289
474592515
475271769
477248106
481006705
482947798
486468442
489302797
492364918
493337699
494837751
501283254
503829326
504114988
509363091
510502443
510928286
511566128
512611123
522086354
522503146
523286913
525582403
528389901
529308414
531232332
535310518
536168783
536240333
537333992
538617952
538848072
542633804
546723211
546829898
547353069
548176247
549866330
550354638
550525511
550905715
551150321
553568929
555672874
557107541
557546710
557868459
559175793
560815022
566001654
567294647
568738147
569192751
570743293
577828983
577924448
578081499
579076774
580577394
584321538
586287558
587279237
592319750
592685081
594932214
595683156
597680553
598312286
598333237
598520586
599734665
600039296
603530231
604860565
604938017
605896481
620700057
623427541
625267501
627475223
628792548
632156688
637812376
638961454
639642333
640264904
642481510
643763522
646820316
649667887
649742239
650665547
653188096
655705162
656174023
659025748
660652654
661831505
664093151
664638243
671431555
675539368
676479615
677319006
677765441
678550968
679113679
679209048
680723556
680931454
682370754
683716357
686930417
687325022
694016346
694278059
694435769
694457935
703314868
704236839
704257030
706242630
710287119
710900668
712464046
713732458
717454987
721599648
722134647
728779695
730412612
730661570
736165040
736473632
736894393
746230748
746350526
749117905
751345246
755713041
756135343
757346969
763712768
767884713
770446387
774377637
783703738
787318967
789539852
790062374
790391626
791603111
793556815
797807504
800956190
803667909
804185762
804553590
810263143
812293412
814462087
814497664
816679936
817389736
818790117
822584918
824496744
828142968
830401552
833451713
835644839
835985605
836888786
837615901
837786301
840898293
842394318
842653955
845959178
847317002
847845098
848240184
848432637
848623924
856793511
858092039
861627686
862993388
863207110
864024080
865386318
867338181
871995172
879306560
882167256
887164353
889644234
889815615
890702510
891085160
892789357
894286881
898838774
900791615
903516047
908347159
909739552
909925520
909983327
912707897
917492749
917513444
918650842
922684935
925289790
929082511
933123091
933830899
936950169
937612326
937777318
941075398
941265586
944242685
945279898
947246317
950503199
953161615
957282758
961400883
961975383
962782963
967327636
975276611
975882439
978080950
979595151
980186632
980414534
981275269
981811283
984018585
986669669
988277216
995653495
996685770
997224816
998389394
1000290913
1001257037
1005327664
1005666821
1006741191
1007953112
1008461553
1010534856
1013356736
1013385885
1014886788
1016026861
1019929840
1023849071
1024902263
1025012399
1025594209
1027279943
1028243632
1031140745
1034078066
1035822618
1036503009
1037522921
1039062101
1040829075
1042587498
1048493807
1050791729
1051005954
1055142022
1055853507
1060135314
1061593629
1062279400
1062636837
1063732803
1066777236
1069037377
1072516988
1072536913
1072574608
1075176946
1076035918
1080014870
1080261949
1085129327
1085427217
1086475536
1086751050
1087096670
1089832015
1092921439
1096208276
1097733132
1098700788
1103416512
1104790840
1105061010
1105827154
1109032261
1111346242
1122838806
1126734937
1129474693
1135825105
1138368773
1146541436
1151243627
1154878743
1156299858
1159263719
1161315461
1162285865
1163901995
1165904633
1178564241
1181805531
1183667776
1183996029
1185028267
1186948169
1191517515
1191610288
1192056017
1193916059
1194448676
1199394726
1201472870
1202712815
1204072303
1209248224
1209391988
1214044239
1216403109
1218741803
1221924807
1229001581
1233404536
1239111628
1241494522
1242670291
1243185934
1243487904
1245201019
1245686945
1250686242
1251201713
1253617013
1262482467
1263311007
1265285266
1266393068
1267557490
1267953606
1269924439
1270349788
1272075102
1272379147
1274458528
1275418123
1278011892
1278088499
1278135646
1281113762
1283542398
1284446929
1291900430
1296608311
1298770046
1301652010
1302992482
1307355895
1311446765
1313496140
1314606405
1315480569
1315632590
1316155548
1316945848
1319911277
1320508910
1320725143
1321815814
1322712101
1323540134
1326097677
1326174456
1331855021
1332283345
1336643414
1337468565
1345310618
1345540881
1349040365
1350496352
1351767872
1352191703
1357591075
1360618401
1361525047
1361948606
1361991408
1362527948
1364862185
1366082763
1366394169
1368046983
1371696375
1374859942
1376323702
1383284866
1383301620
1383390941
1386321177
1387386075
1389094075
1392642157
1394141725
1395101324
1395714532
1396036207
1396592173
1398978488
1399001546
1399978888
1400938390
1401305411
1403205423
1404375014
1404390509
1404565910
1405478254
1416412603
1418290204
1424370462
1427460812
1430330946
1435941835
1436037252
1441485157
1445112748
1446064955
1446647582
1448114302
1448286276
1449003013
1451416717
1452114016
1452683462
1458119841
1458671168
1463004437
1467883456
1469490424
1472217278
1473209418
1474501364
1478788252
1486160100
1486922932
1487570173
1494638314
1494965269
1501095024
1502784057
1503896515
1504763211
1505411884
1505425338
1507592351
1510365644
1512502054
1514280235
1514874355
1517323998
1528601396
1530402319
1531334405
1532082096
1532428602
1536822791
1537700099
1540855127
1544731136
1545958657
1550439579
1558845024
1560023926
1560302438
1562938973
1563259990
1564164195
1565861142
1566533429
1568298144
1571525564
1572044561
1573687283
1575145618
1576465848
1579316868
1579712003
1584296722
1584726215
1587750713
1590885931
1591581898
1594229686
1594825868
1595240678
1598220661
1599759284
1600025339
1600206837
1600209868
1600373234
1606922378
1612302865
1612305069
1613006253
1613999767
1614334084
1616693890
1617333326
1618301772
1621721255
1626610723
1628138712
1638099492
1640810947
1641885725
1649697256
1655998815
1657951334
1662969776
1663367465
1663615668
1665524593
1668279005
1668844566
1669285913
1669862285
1670378913
1672579057
1676102404
1676575719
1681399873
1683155990
1684271770
1689941238
1690570582
1692145762
1693319187
1694161506
1697242272
1698064977
1698318289
1699628627
1699753539
1700381625
1701965399
1705970502
1706740332
1706868577
1707920080
1710106329
1713206144
1713518546
1715867848
1717585351
1718371603
1719422099
1720975530
1721890580
1729817273
1731011335
1734406063
1736328941
1738598078
1740907196
1746052637
1746358758
1749080746
1749893919
1750223314
1750290994
1752285964
1754283995
1758644316
1759370287
1763289071
1764752509
1766520770
1766692512
1767785634
1771571175
1772481239
1773679649
1777784520
1780678730
1783755337
1786262628
1787263861
1787860205
1788589142
1789540095
1790618929
1793392653
1794046647
1796488985
1797019766
1799747010
1801131267
1805718499
1811010076
1811107386
1813789187
1820557949
1820690003
1821935926
1823129202
1825334808
1826997054
1828164206
1829046271
1829760368
1829984619
1830410216
1830778666
1831366191
1832481087
1834276587
1835511363
1836368745
1840669961
1841223096
1841965411
1845435477
1848437167
1849507168
1849935536
1850264621
1851414704
1856710779
1858726602
1861110194
1862855473
1871063547
1871592249
1872963768
1875280305
1875490621
1878196141
1878807173
1883560028
1885789951
1887121442
1887522206
1891722063
1897569091
1898236144
1898560022
1907272613
1907416366
1908044031
1909101602
1909162224
1910855840
1914639332
1915429601
1917226467
1918112554
1919725439
1921687574
1925701487
1927562387
1927721110
1927774784
1930257579
1930321143
1932090614
1932857897
1934576054
1934594657
1935096162
1935891172
1940678290
1941341242
1942401354
1944161012
1945217467
1945649140
1951158671
1952689081
1955395864
1955831785
1959958710
1962768045
1964075363
1965909688
1968314673
1968554447
1971390579
1977853367
1978345242
1979554750
1980480460
1980591281
1983423702
1985051397
1985062125
1988665898
1992445602
1993582965
1999490475
2002618851
2005253111
2008217121
2008792608
2010311507
2010311624
2012968938
2021675793
2024225998
2026503653
2035943333
2037204742
2039170058
2040638631
2042087383
2043937886
2049138501
2049704315
2056567471
2056869378
2057095360
2059124999
2059689780
2064813589
2071947392
2074200043
2074649300
2075090400
2075290000
2076065980
2081499007
2082185740
2082436458
2083456217
2086046367
2086292408
2092575951
2097424282
2102387923
2107215079
2109102141
2109394938
2110018090
2110036444
2117119073
2117391713
2117777722
2123899207
2125887003
2125974914
2126409588
2130139112
2130622015
2130692034
2131520296
2133738450
2134190942
2135502795
2137833571
2143542987
2145675754
