3308300
6432571
13213090
13605956
13609875
16107620
17310826
18835769
18841141
19537099
19575356
23172801
23577098
26308460
28418775
33526146
33850653
34429065
38617956
41623002
43111774
46906844
48414062
49009517
51287713
55037319
55950775
60873562
62143921
63187434
65186991
67004697
72480771
74934976
77291785
77741346
81545946
87838293
88934584
94022040
94341040
97419010
106755333
117306414
118059629
119202639
124419404
125492360
127956169
131596809
132141355
132996407
133433033
133588758
136669038
137829818
138905965
140786597
143798429
149974959
155731641
165920976
169377926
170356189
171407367
172138861
173793994
174220269
177686460
178912152
180248576
181140144
182681652
184026622
184455137
187728357
190439532
192854469
195931321
211520683
218101390
219778115
220686016
221133480
221883422
222996406
224368426
225099732
228706046
231829957
232083051
232221485
236135388
236574956
236828659
237973615
241616951
242945015
247062869
249641718
251509714
252346962
254465010
254564315
257833898
258556080
261632752
263051176
267878327
271961563
273198151
273675971
276929741
277829466
281694170
282332774
287515390
289480605
303060606
306693864
309502303
313789309
318843630
319779338
320119380
321153166
321286571
329066878
332397802
333942894
334461610
335065471
335230687
339724548
343602988
346584966
346633657
348940531
350448495
351604049
351892533
352836350
353959052
355463837
361202879
361692208
364163773
364192742
364679764
365612543
368047692
369092207
369805337
373000951
373961821
374483902
376356432
377897238
381097767
382914163
386320209
388830513
390598046
392041850
392707497
394519405
395683876
395902932
398351876
398849649
401497255
401662487
403438194
404577248
405257342
407152958
416735622
419908048
423133842
432953980
436858478
438010301
438625705
441916948
443648342
446179052
447945166
448147636
451515696
460084774
461796236
462261251
464676588
466727701
473080104
476769538
477364318
479777900
480216552
482294096
485487361
485605371
492917160
497018656
499432864
500624541
501994017
506131482
511925098
513117969
519584247
522217864
525045943
526877259
530046747
531261726
535027285
537302458
541631627
547464298
548447895
550972918
551269494
552315954
558984274
561090348
564650484
565144000
567543954
570745911
573823077
575014096
580767072
583272385
583673448
585499972
590054991
591853266
592028191
595133990
599813487
602514515
602912740
608375959
612899409
613718231
616550049
617912074
620885052
625068818
636058163
639003489
643019448
644784859
648817043
649715532
651320629
652912808
653022123
657940811
658852921
659020844
662608020
666553478
668423875
670950726
675017381
676680341
681204663
687217734
688407740
689549006
690962889
696642451
697414841
702101553
703418798
710925994
713044387
713109668
716190102
717443727
718874833
719340940
719629264
720571624
723438495
723738765
724732204
727958850
733509073
734656352
736875694
738038447
741018082
743248663
746927794
747230884
748076768
752237160
756044038
758407429
759018858
760393511
761093938
763298694
763958341
765420703
766056509
768168639
768398085
769550751
770244431
770726300
771448884
772792746
774358599
775827805
777036991
777083226
777171597
778621733
779881950
783869943
786263060
789535205
792168223
796580734
797245585
799883925
800113604
801585074
801851544
804138209
805099546
805132949
805965997
806653164
808442506
810454158
812650330
813003348
822887574
824036813
830751641
833091138
833190145
833220308
834692147
837443763
842319576
847730216
848015657
849094559
849241020
849888160
850386484
851649944
855132910
856627521
856794143
858768319
863188540
866511451
866528842
867356103
872741310
872878278
873982524
875935592
875945902
877596579
881587989
881736272
884294347
889015389
891879958
892673474
892981791
894072573
899296134
899361268
899740562
901093328
901401772
910551371
914418365
915359315
918185083
919486637
925281196
926069586
926682434
926746732
927489725
928201736
928457828
928715923
928744846
934756311
938762056
939641199
941498968
941932500
941965803
942683396
944333966
946046335
947282998
948517324
948748410
949846782
959552787
962272891
965365144
965654014
966580294
968711796
974536094
976194412
976428686
976924962
979852979
981353553
982945824
982960678
983930627
984984021
986999135
988349003
990702840
994856051
995347307
996699254
996743592
996947125
997536298
998709791
999381896
1004298227
1004425689
1004892367
1006724490
1007996591
1012788525
1013366469
1017371465
1017505178
1017654848
1018960297
1019814914
1020570004
1021662844
1022374729
1022915981
1024656084
1028004736
1029403828
1031199617
1031589705
1032760237
1033235221
1035410656
1036239718
1036288092
1040687782
1041966952
1042035910
1043958724
1046256369
1047440102
1052097402
1053663623
1054860641
1056171822
1056659859
1056723530
1061135661
1061876964
1062358126
1065627465
1066527265
1067859317
1068046542
1072470682
1072846734
1074029856
1075421087
1075530665
1076058000
1077872898
1082094577
1083212209
1084606645
1085069685
1085385120
1086903751
1088036486
1089510239
1090150832
1092073922
1095441675
1099850222
1103085635
1103548556
1104546717
1105317777
1105632204
1105844591
1107902543
1109008964
1110126090
1113644080
1113753200
1122482628
1123054895
1123295038
1124658049
1125014351
1131426087
1131611797
1134281620
1136865764
1137435459
1138648062
1138828875
1140888189
1141922885
1142686779
1150853717
1151015432
1151915378
1153481893
1154824265
1156073462
1156568923
1159686078
1161385573
1163062362
1165265628
1166189333
1169588456
1169657837
1174664282
1178262049
1178931629
1179187632
1180749313
1184503103
1185021878
1188679383
1191356405
1192618679
1192963140
1193115593
1200069826
1200260194
1200316488
1200484057
1202791159
1203449847
1209360400
1209734887
1211141605
1213092919
1216715418
1223170874
1224165588
1224526169
1226409299
1234842776
1235294182
1236482623
1238214258
1249623888
1250067780
1256369429
1258252646
1259015083
1261308266
1261447711
1261503502
1268027951
1271973245
1275533182
1278316252
1282127334
1285927202
1290735644
1292127277
1292367720
1292689704
1293214434
1295701374
1297966089
1299693710
1299749632
1300855986
1301916689
1307732425
1311936577
1313587694
1313934615
1314208289
1314870810
1315032174
1318584938
1318799337
1318970007
1319980410
1322623913
1324581853
1326574634
1328721044
1329203439
1330772517
1331575071
1335427547
1336481898
1336503023
1341614222
1342331489
1347014613
1348792616
1349916544
1353264601
1354001572
1355359001
1357756295
1359650470
1362637455
1365752771
1368812238
1369778808
1371346650
1372550328
1374063890
1374954656
1375556395
1377027378
1377056564
1379836057
1379957202
1380591083
1382565148
1382616449
1383236009
1391011573
1393357244
1393452233
1395226114
1395648802
1396836058
1398550302
1398750102
1399950513
1402339855
1404677360
1405621546
1411504479
1412512738
1412965527
1414612161
1426976040
1428384630
1428506075
1428646946
1431718569
1433658015
1434464632
1438072409
1438458991
1442509496
1443689050
1443926326
1444246991
1445436352
1451976446
1453575044
1459184287
1467432982
1469216146
1480271739
1484412857
1485821461
1485874562
1489102134
1489502357
1489601994
1492514770
1498638591
1500605187
1503445890
1503480326
1504549982
1507267007
1509936066
1511447061
1512209828
1516815232
1518379660
1527248972
1528055802
1530856131
1532493357
1537124488
1542298432
1547915731
1550494776
1556273701
1556970238
1562974466
1564577821
1565287302
1567068747
1568874024
1569186272
1569196094
1573299573
1573517043
1574479791
1574923690
1575001465
1576076440
1576393601
1579399864
1579769506
1582218846
1585625851
1587695391
1589721975
1590157529
1594252223
1599127534
1601613881
1602052772
1602703315
1606441172
1606559799
1608519985
1610372955
1613181498
1614281641
1615334497
1617472354
1619736757
1619761381
1624143418
1625609339
1627436508
1630817982
1631110501
1637542093
1637910744
1638468205
1638959512
1639174425
1641898568
1644470796
1644914919
1646043061
1647445184
1648787850
1649532820
1650636045
1651641140
1657699256
1661650361
1663448802
1663637187
1665355019
1666412869
1668796051
1670169069
1671805200
1673285350
1677605360
1677942236
1681738646
1682191863
1684146602
1684222227
1684337259
1689072175
1689141007
1691149950
1692791835
1692949823
1692972653
1694781349
1696068955
1697678303
1698003933
1701248480
1701385091
1703667418
1704359204
1704425520
1711223577
1716032803
1719795713
1720196208
1729236101
1732730906
1736358551
1738944510
1739973170
1741775899
1746608241
1748252789
1748695350
1748923460
1748985786
1750282445
1755221140
1756904626
1764466469
1766400864
1776136213
1776494358
1777331129
1777729617
1777859601
1780539868
1782457402
1784562978
1785234241
1786559660
1787895952
1790931425
1797303179
1802849739
1806574956
1806948969
1811619544
1817353628
1818347431
1820840432
1822489871
1823855204
1825069756
1826308303
1826821095
1826862278
1827945735
1828648209
1828916923
1831706617
1833388575
1834820711
1837441303
1841326527
1842121425
1842529982
1844472628
1845759481
1851465184
1853022680
1855878005
1856307622
1861597803
1864558675
1864901325
1867397480
1871239459
1872032843
1877260502
1883312545
1883498149
1887619569
1893565882
1894205269
1896010333
1896222535
1897104144
1897665707
1898081291
1901603061
1902014725
1909556370
1912122562
1912811942
1914321686
1914378875
1915506925
1918289822
1920487162
1922640061
1923302363
1925859798
1926251244
1930586921
1932139585
1935007592
1935586019
1937856250
1938861672
1939807687
1942508549
1943609787
1945644653
1946321468
1948000931
1949145155
1953012551
1955661343
1955735780
1956847458
1957565463
1961206622
1961744232
1962084976
1962907707
1964697698
1967696992
1971652697
1973554462
1973661764
1979051867
1981484206
1982040867
1982664391
1983994669
1986896100
1987312543
1989909768
1991537141
1992242163
1993513020
2000143039
2000289915
2002106477
2006508555
2008499013
2009038255
2009849952
2011611533
2013148207
2014270639
2015388089
2018643744
2022959948
2023429102
2028257942
2030108100
2040580322
2042880109
2044433463
2044822494
2047697401
2051413791
2052062266
2053424982
2058033671
2062671156
2065915287
2066848756
2069173548
2069663679
2070627736
2070628760
2071333890
2071575923
2074843588
2075637328
2076121903
2079419301
2080950293
2081652897
2086113556
2086742430
2088755894
2091159792
2098605826
2100778422
2102375202
2103030242
2103525431
2104805311
2104923773
2112002627
2112228593
2114002504
2114228561
2114522482
2119410234
2122235538
2123049043
2124252296
2125817466
2126335297
2127469899
2128686152
2130083822
2130794930
2134671922
2136046903
2137057854
2141883909
2142332364
