4188718
5739841
5855955
9877452
11441065
12283942
13483083
15413171
20350227
23441964
26873087
32887660
34271597
35016974
36225450
38700080
40080241
41572760
41755342
41891835
49324063
49904899
59339274
59687945
59991525
60839099
61967491
63154699
63313915
65968227
67074356
68650991
75498072
81172180
81551592
84384540
84830205
86034016
89229429
91038457
91541345
92351217
96530443
97278965
98051651
98643821
100161676
105635358
107997754
113829576
115114750
115215994
116837645
117651842
118152766
118955962
119762740
120583597
121051335
126828629
127070370
130349647
135914512
138326930
139439970
140090250
140690183
145275697
149830474
156600810
163595969
164042904
167971479
169276536
169702233
169864528
170845352
176120766
176833523
177088207
184702746
188244029
190837245
193703907
194478309
200410334
202489948
209432969
210171904
211880894
212195025
212544180
213044239
214212550
215293396
219293290
220408082
220809936
221531098
221582760
226324626
227551666
230512114
236446264
237610175
239811205
241157703
242918782
247210371
248365554
249921342
250844865
256702084
256771475
260485082
260845594
265369846
271773261
274711550
279123597
280518500
283785010
284366062
284413583
285866070
289291592
289927485
290896850
293751432
297783082
300428466
300852336
302919858
304886655
307098638
310656739
311584078
312083254
312484501
314396283
314728038
314744957
319348772
320520921
321732087
327146815
327488591
331748988
334028843
346654476
347885365
353104066
353197189
353919999
356093626
356734226
356830931
357746794
361699326
362555862
364457556
365194859
365845547
365907102
369556127
372724405
377921225
378068316
378632388
378830542
381172431
381912105
386812654
391742306
393447283
394589015
394785187
395654402
400297197
404442859
404803422
404951622
411604404
418364696
418485974
421328816
422112288
422390099
428073169
428839170
434549286
436103291
439246994
440986852
441990880
446621609
450433878
456170838
456634412
460413020
462300244
465657382
466154690
467508537
467922652
468950939
471373812
477113383
478962293
479591537
479727457
484821093
485947599
487080234
487419001
489798934
494569763
497565604
498289435
499396155
499837777
500511043
501025395
502637420
502847381
503319737
508333151
511667169
511764480
520427068
522877617
524338351
533535827
535550307
535989065
539479604
540355215
543039958
544810858
544915684
547973627
548457133
549963454
553302687
553609125
554298732
555533933
555759088
557664160
561152570
562331871
565413194
566171141
566336268
567173965
570194773
570662478
573983372
576365316
577124589
579276734
580386778
580516365
584104475
584940097
588055935
589263876
593582506
593985394
594348181
607119365
607985610
608010158
608713415
609100142
611508000
612114070
613796359
618487298
622053573
623826250
626429337
628944563
630120151
631044567
632619096
633196326
634164810
636354540
638023684
640427168
641530574
644450345
646233611
647068226
647967984
654094945
660193941
660879349
660913294
662401962
662916913
666269738
669176628
669254419
670024089
672500106
674569694
675066516
676272711
680499055
681092642
682368209
684407339
685388458
686827311
686954844
686986443
689853172
690521567
690903210
692318953
693307735
693381366
694296591
698487424
699198257
699955767
702004328
708329123
710234915
712728842
713141467
715122855
716063517
717212481
719046295
720338234
721240575
723682677
725386551
727276309
732359615
732509388
733177151
733297390
735427597
735631901
736356051
738243625
742191720
745864787
746594145
750615483
754068899
755693125
756759807
759686522
764088668
764575078
766132772
767653448
776043952
777976836
778046999
778382823
779285324
780336257
781192045
782013352
783488747
789114840
790391041
790469469
790630282
792855527
794954213
798383385
798497314
800610526
808322208
809005747
814782448
815688167
817967327
820334187
820991699
824147928
824853181
825053118
829248596
834141108
834226316
835153333
835872432
837693704
839604341
842773636
847684623
848592050
854754638
858554350
858893625
862577564
865321091
866079260
869315922
873209606
874866644
876502455
876890045
876959728
878207517
881879135
882580599
882765910
886555524
887427570
890045172
890246157
894596594
895436450
895699907
896160888
896302898
896492936
904007815
905134971
905405721
906724080
907355233
911733241
911756760
914036198
919221407
922059280
926674545
930265886
933594897
937094163
937705179
939784332
942226488
943682947
943771948
945646239
946498662
947824335
948972719
951725239
951942711
952240656
963593258
963799297
963841860
964728299
968440020
971345344
973547542
974112206
974180185
978009014
978931968
979031086
982855704
984576131
985084609
988835168
990827031
994131401
995050796
998123922
998844170
998915668
999581547
999813683
1003605125
1006636345
1007781522
1015486040
1015751108
1017774831
1019826353
1025740000
1028184004
1030676858
1032682235
1033948042
1034336262
1036195584
1037002016
1037366509
1040765687
1041494597
1042125042
1042352980
1042901612
1047183364
1050831432
1055556687
1064426065
1065266095
1065586795
1066868012
1067669771
1067883254
1072963472
1074845108
1074990135
1076427480
1079404943
1086139801
1086273381
1086525141
1087735478
1093866446
1095166006
1095803753
1097148982
1099533080
1101559657
1103266049
1106132571
1107612098
1107730232
1112564140
1114414032
1120598396
1122720601
1124393046
1125758961
1126009731
1134332715
1138802617
1139393161
1140635907
1143210358
1145226792
1145535126
1148860091
1149621373
1150549495
1152021458
1154163302
1154528164
1157873662
1160360658
1163934872
1166712974
1169380628
1169541455
1174594346
1184309974
1185182107
1187514500
1187889017
1189289459
1191516897
1192905581
1193204431
1194367357
1195720314
1195729154
1198953601
1202520590
1203361664
1204106379
1204760142
1208491744
1208908901
1212167543
1212687033
1218677345
1219651553
1221331571
1228467560
1229274015
1233015163
1236428401
1236611213
1238231320
1240208807
1240620672
1241711179
1242780989
1248278890
1248556761
1248706114
1251408840
1254772337
1255852795
1259547887
1260567948
1261093839
1261450513
1263435870
1263533502
1270094945
1271015771
1273679122
1275480303
1276294727
1278091241
1279638027
1282748229
1283406456
1283451217
1292217691
1297138136
1297795842
1299689904
1299927457
1300471682
1302513033
1302738375
1303135395
1304989779
1306287123
1309061229
1310813460
1312557134
1318499415
1322346095
1324948388
1327572957
1328948779
1329491392
1332520666
1334984546
1340270561
1342111452
1342604877
1343086083
1343665116
1349180197
1349468898
1349942234
1351127357
1351472595
1351859864
1353560381
1354505360
1359380699
1360696487
1363569183
1365213200
1365471032
1365588740
1379594297
1381362153
1382311583
1382870653
1382902053
1384157420
1385714940
1388492967
1390020248
1391638905
1392418164
1393011999
1394286765
1396090727
1400834594
1401100588
1407375765
1409533582
1413908897
1414349740
1422967852
1423449016
1423497198
1426746947
1429261616
1430577378
1430670691
1430767290
1431216264
1433029365
1438169719
1439324381
1442795572
1443343192
1444846424
1446072997
1446101395
1447816502
1451131232
1458842421
1461382982
1463918715
1466228976
1469071659
1469633930
1472292851
1473228205
1473990337
1475028330
1481321855
1482503293
1483114893
1485252004
1488347332
1492640357
1493500238
1493730866
1503584055
1505118604
1509512557
1509708881
1516916594
1517606586
1518648334
1519366023
1520474405
1522933419
1523059702
1527630180
1528087460
1529628868
1531199721
1531447571
1534026574
1534040442
1534204859
1538931155
1539268348
1540086423
1541760090
1548520149
1549488710
1552445211
1553712666
1554981953
1563234294
1565115315
1565218343
1568040662
1570932212
1571435658
1576239716
1577168846
1577652326
1591969484
1599145159
1600043975
1600367235
1601835507
1608525702
1609405071
1612884396
1614588377
1615685965
1615772130
1616500616
1618810453
1619582535
1631332099
1631993853
1634459188
1636005161
1637810016
1638853651
1640101703
1640665738
1641825585
1647576656
1647677560
1648642849
1660277824
1663710985
1676940558
1677506172
1680306722
1680914988
1684003835
1686405829
1688039830
1689553254
1690550013
1691788683
1692870264
1694112808
1695491753
1696817471
1701851072
1702364072
1705409182
1708340450
1709261544
1710867615
1711449172
1711794392
1712506628
1713435375
1714494332
1715362546
1716551781
1719139957
1734859378
1737489998
1739400210
1743196070
1746670417
1747398422
1748050193
1749579206
1751145731
1751335373
1751750337
1753440955
1757634784
1758351659
1758595976
1759912982
1760945531
1762391924
1764150786
1764392712
1764510792
1765604449
1773818465
1773934289
1775941767
1777061405
1780429438
1784271570
1786426412
1787160794
1790856460
1793459514
1797197110
1797220902
1798932511
1801294298
1802426281
1812199853
1814597236
1817429597
1818675945
1819292622
1820618042
1821262860
1821799937
1822117509
1826500898
1827190239
1827320327
1827600663
1828347527
1829615894
1831620518
1832042891
1834674332
1835466061
1836449278
1837255810
1837687662
1838102602
1839037137
1841848287
1842726207
1843446983
1843638805
1843988067
1844927320
1846429323
1847568427
1848918276
1853183728
1858200601
1859836089
1863389686
1865418681
1869342468
1870019759
1870045448
1873131072
1873238002
1876062027
1876207575
1879325498
1880467329
1880744374
1882066310
1882903968
1889266578
1892183166
1892243939
1893455622
1894151055
1894950550
1895113074
1895957708
1895963477
1896074860
1903302791
1905705105
1906349549
1909019512
1913303245
1915869392
1918324124
1920800633
1922057127
1923029820
1924436116
1927166204
1927882678
1928037363
1930250203
1930469187
1935082909
1936251539
1937559186
1937592931
1939958802
1941210515
1941595655
1950317010
1951204650
1954571294
1956516053
1957212284
1957973998
1959597474
1960404369
1964974622
1965314169
1967325078
1974895017
1975078731
1975558887
1975886584
1976131640
1976785896
1979045985
1980227219
1984626186
1987974906
1990669929
1990893636
1995113589
1995388417
1998320950
2003490286
2005277605
2009872625
2011153601
2015449928
2015955006
2017233007
2025450002
2029847617
2033311767
2034362497
2035131466
2035731760
2037270264
2038821821
2041086272
2045983049
2049999492
2050781087
2055391825
2055557960
2056643954
2063087507
2068445396
2070306333
2071137260
2073645024
2076526459
2078248730
2086483855
2093161062
2097351073
2097465109
2097498698
2099970512
2100125002
2105177816
2105536089
2105608386
2107216487
2108490037
2112513935
2114871751
2115611499
2121018809
2124208090
2124792174
2131725814
2133061624
2134663447
2134846710
2135375143
2136826746
2142964105
2143336719
2143839744
