876337
7152487
9135534
10719800
12657486
13813249
17182737
22121684
24677063
26356199
35532819
37187342
37253171
37854919
42154021
42207068
46425328
49317934
49720189
51295078
52057972
52122059
52600005
54267957
54444145
56874690
59458466
60262871
60396488
62530273
63614551
65643615
66203604
74392825
75914194
78317010
81162208
83905697
89899450
89915717
90288774
91084457
92730567
92815094
94048615
94263172
98193218
103304811
103709832
114123610
116505679
118622215
123003676
124719055
125311521
125856498
126085002
127108113
129023461
130604444
131334150
133486149
139438114
140089053
145322884
147951114
149185140
152978481
153771172
157957092
162873082
165589000
171176680
173007087
173214742
176323882
176957223
178762165
179129393
180484009
190972560
192627089
196049400
196092325
198131619
199635067
201956530
202076604
205850910
209117913
211343879
214711393
216217027
220656495
223393389
223575201
226359778
227914063
228234442
228291466
231042067
232437610
236154963
237151518
238214458
238774272
239430856
241397718
242095857
246571229
249027315
249573667
254146350
254340554
256204211
258387659
259019883
261911498
262691915
263085380
264448405
266840168
270625784
273379057
273844684
274948834
275024609
276077840
283053970
284472057
284572240
287329314
287443282
291969987
292222609
292451429
292456046
294060117
295175610
295744159
297293564
297678242
297909074
298375959
302182695
304981872
305363195
305564535
306157377
307973403
313585054
314623050
314924109
315219945
318340485
318580664
319462042
319959598
320264565
321111360
325630375
329252700
335570954
337782023
340603074
345714905
347569962
349963776
350220419
352311908
357162418
359036198
359555811
362317485
362633836
364867088
367348682
367587667
369863864
372616499
374721373
375145609
379373671
379672556
380163811
385132696
386427027
386804471
386869831
395290383
395488172
397821112
398856865
400731239
405687625
409397256
409509614
410191947
413512131
414147142
415488683
417242065
418003034
422692748
429399389
429593491
430427168
434503641
434873269
441114011
443926979
445201460
447537724
450148467
450561903
451254633
452831494
453892353
454117509
456833619
460764220
461811369
462718093
463177504
466537249
467944972
470783700
471040275
473586293
479998734
480078725
481043648
482043964
484727221
489422394
495057552
496182282
497380774
499126937
499132840
501021214
503184041
504449108
504988244
505432125
506683485
507281351
509450579
510121767
511589488
512567921
517981225
519004559
524219725
524266872
525425860
530473152
537640584
538224602
541626540
542096270
549058678
549479989
552480965
554484853
555214437
564263714
566564399
566909131
570949434
571404708
572464121
573007957
574799521
574837243
575481048
576515667
576578472
578502528
579837402
581216881
583446019
586956224
587005311
587069296
589744628
590006085
590270077
593224465
595972575
596641638
600715122
603672024
611795685
611965961
615703752
619177159
619774970
620359572
621975065
625243882
626419632
626471706
627995007
628684109
628748746
630119716
631723121
633524931
634911022
641304025
643393203
644722076
644874422
646813329
647338417
647935988
648277777
648966856
649321652
653482657
654225252
654901523
656612273
657642585
657778525
664618817
666029090
667912072
672596444
673394951
673546359
674276723
674351709
674688325
674701623
676037062
677404434
677743087
679594062
681300646
686556429
688494261
689633433
691012418
692928257
693822977
695405480
699192342
699865572
701171235
704358090
704588366
706862727
708487877
709318257
713129897
713524300
720859633
722546375
723640034
725002939
726776885
728150092
728917359
733923835
736795580
737634497
738542207
739764650
744381061
744499138
747865233
748596508
752450779
752804749
755304977
757472379
760877598
760912751
762351302
764862436
769096225
771273967
773022115
773818153
776341604
779813117
791837804
795352407
797362134
797611053
803481982
808818975
818743089
820320107
823263777
826794928
829620110
830220902
830295925
834636659
836440003
836848640
845358023
845748928
849306349
850796364
851645441
854305236
854516698
856043197
859568678
859807948
861819145
864703264
865462556
870157136
872376157
872733985
874247035
878041669
880604411
881154591
881855191
882880631
883900337
884567700
886263320
893192948
896140701
897114455
898430907
901152775
901805867
904219980
907352376
908514672
908823260
909121830
912491075
921147964
922437561
924809576
928256872
929400176
930493023
930602427
930851893
931316117
932604458
933297655
934362927
935210788
948004783
948811595
950894712
951625772
952787170
953795119
957475671
957983101
963357604
966766718
967428858
968320603
970731892
970782207
975433499
978124969
982733455
983184506
984062553
989739768
990202442
990430669
992551124
996521601
1003056576
1007482182
1009260463
1010152137
1010522112
1012721044
1016165491
1016829513
1018158477
1019021067
1022505986
1024140499
1027425618
1027452061
1028181342
1035604467
1036041821
1036651133
1039823643
1041574226
1044688277
1044827614
1045918799
1051409796
1053279000
1056672040
1056774298
1062836273
1065974030
1069581001
1072997386
1073895386
1075316561
1076206186
1077171701
1080032471
1080449967
1080627986
1081380069
1092524573
1093963408
1094074925
1108163640
1122485714
1128808673
1129837521
1131890352
1133945296
1137076948
1140082727
1140370019
1140573387
1145654375
1147829699
1149179083
1151180301
1152666905
1154862023
1155180864
1155212630
1161658863
1162896600
1172140130
1172695236
1173425561
1175799579
1177689202
1177882187
1180203455
1186009272
1191620060
1195544900
1196303720
1198635526
1199274232
1200017652
1200931891
1202958940
1206810435
1207143084
1208944033
1209233548
1214290066
1216556366
1224657945
1225628794
1225976189
1226449882
1226522178
1226675564
1228060151
1233493937
1233518127
1235250009
1241231931
1243795168
1250898085
1254366794
1255335831
1255515258
1258294487
1259052309
1259237450
1259721513
1260855164
1262232840
1263989504
1266147466
1269917430
1271000938
1272035695
1274105241
1278017044
1278795474
1285618609
1290867768
1291670979
1291728737
1293527182
1294921155
1295380038
1295808835
1297884895
1300272396
1303181540
1307633117
1312729513
1321445355
1323144780
1325509491
1326664673
1327341250
1330411639
1333783554
1334389293
1334482349
1335247302
1339426809
1341496021
1342175556
1342808767
1344578631
1345983382
1348729602
1353831150
1359780817
1359969836
1361517299
1362278861
1364612093
1366202737
1367762724
1368518471
1370477003
1373275160
1376551841
1379578364
1379827109
1386379316
1388368022
1390144206
1395122868
1396493422
1398467683
1401705632
1401727031
1404586464
1404636933
1404930276
1408526729
1409188181
1413785784
1415914427
1420056808
1421073326
1429352569
1429980887
1432505118
1436761327
1437287225
1440677192
1441640067
1441908707
1442218646
1443514118
1446882643
1448706394
1451044836
1452647452
1453493799
1453777047
1457102169
1457646967
1459606226
1463515343
1464489480
1464694016
1465884692
1468192867
1469293261
1470649511
1471492432
1471859274
1471945463
1472314494
1474278810
1475178240
1475579360
1478294937
1478546910
1479218709
1480751325
1481662091
1483791777
1484287830
1485857427
1487143200
1488875520
1490561785
1492655848
1496695937
1497656160
1499900990
1503286790
1503876814
1507183114
1508287075
1513722896
1515865796
1516938936
1520063007
1520504493
1521294155
1523375560
1525060726
1528462868
1528778775
1529793755
1532451778
1532599104
1534718826
1544455908
1545924310
1548094834
1548486971
1548993856
1549685521
1549963489
1550483875
1555547190
1556748618
1557284944
1557929011
1557967944
1558988996
1560027686
1561391174
1563251966
1565967226
1568502724
1568577660
1569418401
1571041181
1573955653
1575699470
1576759387
1579736908
1580258280
1580866097
1582985508
1582998081
1585683965
1588314240
1588799431
1590329119
1594684352
1596995494
1598809685
1598831269
1600541942
1603584530
1603604098
1610248094
1610398190
1612136985
1612380979
1613126394
1616623825
1617810723
1619365288
1620010781
1623222191
1626690740
1628247989
1628859811
1630917688
1635496289
1638995797
1642812324
1648958784
1656775638
1656942943
1656980633
1657519943
1661592359
1663630795
1666132968
1667330225
1672890444
1672954668
1677748187
1677908674
1679074529
1679504604
1686309204
1687370494
1688250148
1688833356
1690093068
1690518717
1691752672
1691972844
1694520594
1702305830
1704493881
1707310073
1709377010
1719788130
1719851722
1720248452
1720966928
1721526784
1723158806
1723519601
1732007506
1734100615
1734774782
1735783472
1738601280
1741113238
1742722852
1743304470
1744452624
1747903199
1752554183
1753344536
1755875244
1756492411
1760127642
1760630782
1768737024
1769159083
1770551222
1772144628
1776098951
1779047801
1780193401
1784594757
1788582867
1788932217
1791168118
1794263808
1799073397
1799245920
1800202345
1804306625
1809762124
1812713119
1813751795
1814757635
1817038054
1819592352
1820913153
1822791009
1823045650
1827728341
1832254228
1834755055
1838758294
1843694077
1844875346
1848112135
1851392287
1855894158
1859109790
1861100048
1861125607
1865928273
1866180786
1866293272
1867353581
1870386098
1872612368
1876939476
1877525961
1878984531
1882950497
1883119924
1883971000
1886192346
1889486319
1891521099
1892035896
1894953056
1900785682
1903446293
1904847819
1906409771
1907485875
1908098895
1909002945
1911494025
1922571355
1926535899
1927466897
1928019876
1928110696
1928795663
1932410510
1934340962
1934503271
1935390493
1944699237
1945419360
1947017839
1947469800
1950489675
1952155348
1952241598
1954165801
1958144491
1959227284
1960511084
1960624478
1961352446
1964384487
1964654647
1966408404
1971596399
1975772774
1975793419
1977441291
1978532646
1978799016
1981401100
1981744230
1984120820
1985315413
1989601284
1990144906
1990391232
1991111295
1991959926
1992263653
1994684033
2001078614
2002679513
2003118704
2003315161
2006452566
2008524200
2009211878
2009758417
2010182903
2010596296
2010977531
2013995106
2016936743
2023699205
2026980491
2027418777
2030957746
2031402933
2039815363
2047529366
2048078633
2049022929
2049389353
2049430710
2051626668
2054106102
2054843505
2056529117
2057580738
2057740015
2059310124
2063000135
2065491633
2066374691
2067990129
2068816751
2069378720
2070261128
2070676622
2077935957
2079515998
2081561794
2090477510
2092716764
2095535561
2100248424
2103938849
2105312643
2114334023
2115489681
2118060026
2120975322
2121039950
2121769402
2122000147
2123266848
2126694112
2130056829
2133213357
2142931270
2142968858
2143573000
2143967678
2144290634
2145125148
2146253238
2147380595
