773652
1482110
9326697
9610357
11205164
13099040
19358074
21330597
21497181
22569196
23679935
24774948
25538333
27022471
29298831
32106076
37387197
39840843
40740510
42635819
44034212
44332099
44754766
45032531
48803956
49174201
49510799
50622898
51358878
56330833
59492252
61713089
64771613
66229157
69400474
69564720
75493026
79197710
80985622
81164415
81532588
82659984
82785220
83946868
84383151
86747557
91559591
92015549
95994161
105498566
106212398
108935658
110764452
114080277
116798222
117235829
117667961
117867282
125286712
127662158
138021453
138299933
140647982
140666307
140974778
141704116
146849537
149450358
152821628
159583316
160508825
161767422
173617148
177726570
179170897
180905496
185049146
186466004
186479743
194874919
197824412
199133125
201995542
204314009
204604069
205112223
205972968
208883926
209710867
210381164
221290018
222679341
223639730
226527463
226956537
227663796
235020568
242867137
242892280
255801972
255844469
257269310
258819101
260054066
262013610
266874848
267356044
271177255
272291598
274241013
274998019
276147632
280956908
281726153
283293812
283564736
284621321
285967447
288142479
288939351
289378453
292572496
295501610
296485778
299649300
300817595
302028246
302039418
302384063
306544976
306972337
317106203
317546664
319629770
330146197
334416523
335184385
345072165
347852885
350066474
350201958
352379551
355498953
356632885
356733580
357984689
361392146
361413215
362058433
362582998
365373592
365922720
366445535
369677574
374972322
380280866
380451968
382620820
383336521
384463452
386932003
387693427
389199496
389365444
390109313
397155568
398396236
402584736
404736764
405126887
406288140
414735997
414919598
415522474
416362491
418389916
418911556
421173576
425744690
427790846
428185880
432361143
433933154
434828228
435659922
437085464
438255200
438709361
443325672
443656116
444221811
446646803
449389329
449857820
455045563
458777071
459996574
462285549
462493416
465119228
465333454
465925983
468108055
469061014
469181390
469699189
472728025
475355116
476215451
478178170
478207060
478288541
478881110
480124867
483659763
486496020
488197682
488616771
490105353
490140513
491536717
494175999
494184881
494611544
495056246
498042591
500795447
501089857
501485602
502957894
505188896
506896989
507987786
508248680
509919053
512600259
513086501
514828835
516616082
519396942
520228936
520249900
520558464
520985341
524061796
525868371
527560287
528718789
530160715
530206928
532101061
533306152
539611151
545508399
551972888
552862529
553192785
558191320
558576997
562912826
564217866
564675966
565848260
566074464
567082776
567266352
569485568
571397117
573165197
573797862
574075712
575787638
575872005
576063809
577738152
578194120
580838803
585691305
586851333
588423935
589876942
590505748
591681829
594352614
594487505
595170432
598152056
599465617
606305259
607340273
608042513
609474042
609878526
610746639
613645030
614456500
615958552
616559860
616688768
617085680
618861395
626542009
626787460
627189301
627842597
629328966
633818378
635557245
635950765
641457956
641839998
644032846
644034787
649297566
651697454
651706570
654267772
656869372
659268836
660007024
660960238
661256373
664814127
668799029
669346395
673742729
674281777
681687263
681695958
682344899
682521391
687654563
688530338
688631205
688784219
690128361
691409862
696670244
698482688
701518484
702081944
704192850
704500126
708891015
711049718
715729189
715825851
716912553
716988322
717689866
718401898
718954009
720376019
722839193
726421437
726923329
729383432
735938558
738679325
739479165
743146390
750405309
751100070
751972950
752050205
755488255
759246067
760687430
761510374
762044104
763769980
766645494
768259543
770653585
773791068
774271402
774970087
777216602
778724469
780511815
780992469
784764962
785934235
792792031
792926546
798415081
807002765
809636860
809755313
815547003
815685613
822901385
826368251
829667877
829999424
832184994
834044106
840377380
844094240
847574055
855947464
856696116
860278778
862426597
864132866
874409806
880665136
880797336
881645628
883027992
883160310
886280942
888411837
889797550
890486625
891968509
891984537
893900809
900626119
900813268
900928038
903485419
909797368
910684548
912415136
912509678
912951061
912970245
917241984
918111834
920180914
921852891
924625263
926953038
932043354
934241764
935444085
937793375
937812400
938460966
940163344
942461842
942741983
943145072
943613239
947504773
949234325
953674552
955862369
956047381
966593488
967989996
975013021
975084229
977965662
978964326
979469842
985015613
985125549
985866490
986399628
990580540
992324140
994449408
994949599
996199701
1004284588
1009551685
1011861799
1017750005
1017857934
1027636252
1028347865
1028987856
1035251894
1035288752
1035590343
1036382622
1040711759
1044370862
1044642308
1047620580
1048157187
1048394072
1048705242
1050909849
1051827404
1054429632
1058678044
1059189756
1063760154
1065528141
1065722290
1066589926
1068364011
1071738051
1076169025
1076870176
1080700557
1081119021
1081800415
1082014191
1086372129
1092619319
1095124324
1098311831
1103141820
1103576532
1105976377
1106929460
1107508194
1108173849
1110318628
1110768292
1110803153
1112233286
1112283673
1112872411
1118140386
1121477306
1122069504
1126094365
1130884773
1132967224
1134997399
1137583415
1140073704
1141243962
1142082622
1153525573
1154116904
1156022105
1159794524
1160492397
1160943243
1162171364
1169795091
1170505824
1171094689
1172295741
1173396595
1176469943
1178111867
1178213971
1179178691
1179224022
1179297640
1182780234
1184460178
1185517779
1185546870
1188150789
1190711365
1193249100
1195126826
1195609803
1197409057
1198040006
1199939567
1200177513
1201806927
1204572676
1210401547
1215272150
1216313708
1218273910
1220494137
1222638039
1223019403
1223242146
1223331977
1225536762
1230990338
1231958829
1235314347
1243754685
1249603818
1250345283
1252922714
1256805665
1259481424
1261465020
1265466035
1271164923
1271516143
1271552577
1274562283
1277249642
1277474384
1277950806
1278187493
1278244189
1287210113
1287502653
1287735833
1294911480
1296679395
1296752244
1297979602
1298585111
1299870113
1301395055
1301540505
1302515040
1302664311
1306383509
1307297291
1309452926
1310279109
1312945144
1315546316
1318245332
1320842431
1321266920
1328857317
1330082499
1335104786
1336182303
1337471756
1337941301
1342250346
1345862695
1348626516
1352567542
1353797861
1354564813
1356446747
1357230703
1358437977
1359888594
1360015245
1362577890
1363355300
1364556431
1365669031
1368426431
1368428182
1369434919
1369644594
1372378059
1372836842
1374390342
1374503992
1375993108
1377800389
1379781355
1382788750
1382820505
1383524219
1384323673
1389936427
1393904236
1396381807
1403783563
1411610653
1417928779
1418407320
1418998190
1419715400
1420514872
1422030255
1425685486
1426859910
1430521467
1430603550
1434142363
1436682176
1440389987
1442795556
1444428819
1446032018
1448406922
1449934187
1450879551
1453334328
1456271771
1456813179
1457570691
1459511403
1463191779
1466453437
1467119029
1468155482
1471470070
1477165121
1477474891
1484027956
1484439911
1486269347
1487480239
1487500730
1488274899
1488286083
1494114059
1497672055
1501219116
1503222477
1510438734
1513367406
1518324595
1521340847
1521460279
1521987868
1528303100
1532531329
1533846712
1535242795
1539279070
1544204924
1546938400
1546972776
1547214393
1548384331
1550103861
1552214460
1557831977
1559801421
1561021233
1563370068
1563668625
1567116332
1567634383
1567780721
1568249421
1575220859
1576036241
1578889154
1580428987
1580912050
1581207415
1583668833
1586072425
1586191424
1593100641
1593551994
1597905922
1600881626
1607174314
1609519385
1611529954
1616076190
1617555599
1617943300
1618108137
1619091604
1621760825
1624456331
1624822656
1625861453
1629472656
1634255167
1634509579
1638621774
1639772013
1642198276
1643323565
1644151739
1647587833
1647999309
1649042259
1649448009
1655171113
1657844267
1662547631
1663447786
1664056978
1666190067
1668169902
1669372357
1674003454
1675872289
1677044065
1680682763
1683888760
1684872661
1685322054
1688396562
1691244294
1694190884
1694867704
1697025614
1699240182
1700613810
1701320708
1704997652
1705927859
1706918481
1710817977
1712589849
1715644896
1716629085
1717031241
1721120784
1721143666
1721462267
1721825319
1723309184
1723389188
1723865084
1732552028
1735328014
1736319215
1737634084
1737737903
1738302196
1739115326
1740650094
1741177448
1742681986
1743617337
1745700324
1749772241
1750909834
1753986977
1756075768
1756552600
1759541409
1761252124
1762641873
1763581419
1766018601
1766532840
1768200403
1770079151
1783534477
1784745116
1789310767
1791802415
1794616932
1794895363
1795936252
1796208934
1800735834
1803229327
1803492401
1810234851
1816872778
1817473679
1819236747
1819658678
1821192036
1823443974
1825951824
1827051415
1827237733
1827791004
1830698878
1834245501
1835462848
1837075759
1839978890
1842081868
1844586406
1845510242
1847640107
1848532621
1848785113
1849588925
1849803345
1850915152
1858054578
1859505551
1871402651
1872640465
1873516978
1873696650
1874160916
1875706457
1878756206
1878874703
1879864663
1882160372
1883467064
1890135627
1891747978
1892201068
1893248793
1894031903
1897306462
1898788789
1901693685
1906048157
1909215145
1914912134
1917495483
1927139569
1927951172
1928207165
1931376565
1933590461
1935759291
1936240550
1937088743
1937589624
1939451141
1939460774
1945416310
1946267981
1946610049
1947360917
1949272931
1951532339
1953498629
1956658218
1958036598
1958658857
1959419513
1960368573
1960465287
1965446707
1969423942
1970446908
1972277833
1973297782
1973546930
1976096044
1976530743
1979039269
1989774309
1991915126
1992276603
1993459302
1993949260
1994412660
1994420283
1994433194
2001156223
2004400855
2010434452
2013598518
2014490796
2015845753
2020913623
2021058377
2021235243
2026457223
2030332869
2031228328
2033288809
2033337134
2033720837
2035496257
2036839084
2038053179
2042787147
2045941295
2046427588
2047720099
2048192660
2053667320
2056818985
2057200556
2058848412
2060246031
2060259319
2063559842
2065058820
2069020724
2069463409
2071620660
2071959682
2075317728
2076635434
2077317540
2080711351
2080774511
2082068946
2083890424
2084152106
2085968486
2086102664
2089717797
2092353541
2092997291
2094997209
2095448470
2099693359
2103345540
2103556252
2104984696
2105216600
2107767694
2112354763
2117952829
2119153593
2119474653
2119684894
2124768969
2125280571
2126627984
2130862786
2132331623
2134973895
2135712345
2137530818
2137823316
2139010753
2141997832
2142786098
2145738044
