708373
2198830
4475803
5350150
5984301
7108691
7361652
7483839
8155577
13776071
13935081
20285992
23859998
32072485
32777808
35763746
37127377
37786357
39460234
40526529
46779115
48644116
48762900
52909063
58058311
59033413
59429022
62893376
64587961
64889400
66056559
73996465
75845839
76557070
76996436
77730027
78957792
82009655
86360403
89123493
95679006
98432493
100899419
105951091
107669382
107799221
111097659
113548940
115863479
116835294
118249797
121666287
126721380
128395702
131188844
135709574
135892165
139485584
142043846
143294369
147799624
157268413
157331202
157529893
160803915
162253708
163085640
164604860
171260047
172335999
173603141
174644624
180585655
181991857
184391983
186791957
187007161
187632170
193614122
195592449
199735317
199811766
201423385
201640892
205221337
209909595
211383322
214407238
215166990
220432643
220584616
221803801
226326664
226340513
233031053
233753555
234147059
234242634
235208324
235247348
237571003
237584956
240937577
243177104
243676899
245800349
248463810
249222709
249276878
251370510
252002658
254703624
255475495
256126636
257155660
265555642
270374439
271517888
271584645
272142209
275812577
278467817
280079615
283996768
284783709
287135559
288617225
291889637
292955788
296273877
301041671
302393528
304501662
304887533
305902433
308429633
308930481
315832972
316235854
317107974
321620305
321728574
321987624
322993032
323789699
325194352
330997671
334858236
335060380
340923972
344100095
344759447
345196065
346808575
347054006
347471306
348785389
351970937
355011269
355628775
356283358
359389759
363565482
363765891
364854456
366338477
371093590
374321352
375137342
377056804
385662416
388838648
390511778
393085770
395115207
402139826
404690544
405929737
409752704
415819697
416163214
416206687
418419115
422827208
423522041
427091165
428446823
431022093
433468789
433496933
433825067
434083025
434532558
438298224
440405767
440853665
441503308
442281927
443105012
445577058
445940936
448513811
450416612
452638640
453654258
456043074
461146123
461837842
462724708
465115966
466993625
467062842
470556365
472292827
473090676
473948718
476834823
478524653
481753641
483866690
487016108
487635109
488145873
489180082
491093867
491585304
492348102
494765707
495156016
498764393
498785285
498813903
500131114
502475833
504020507
507485326
507488473
509015334
514362658
515416305
516757247
517731349
518499557
523606084
523741843
523889257
525922814
527717095
529361317
529511360
532082776
538136717
539349337
541102067
547979290
553262959
554944684
557086306
557374663
561527187
561724839
565736433
565789845
570921122
571256861
571478636
573385108
574947180
575553576
578424687
584489051
585443422
587497978
588028787
590919504
593310124
595565568
599866269
600455273
601616400
601924514
605831824
608965505
609341558
616482001
616674408
619670675
620759997
621427614
621465120
626019381
629056771
631452316
633018473
634823249
637712453
638132615
639256703
640058423
646006370
647239074
648922636
649485973
652538058
657684226
657749624
659361108
665726873
667177729
667368828
676572044
676888500
677456242
678703011
679352557
680721592
681409216
681847525
683747648
683827921
688583601
690694834
691894603
692032679
697659413
704614319
705612485
708341911
708710374
710044856
712858397
713142557
713531522
714561711
715130679
715181861
716327538
718509071
720427271
722579066
722656628
723186320
725975720
725984077
738506413
739522949
740730956
742444300
746216465
749389498
749625324
754392724
755121153
765257660
769860141
770993094
775587647
775605406
777432825
780637532
781540716
782760752
786625934
788248833
788561761
790097171
791217908
792032526
792501661
794228588
794356369
806021938
808866390
810156080
810216902
816972500
820095097
824336661
826116058
827397542
828457239
830585262
830771665
831050621
831399223
831550130
838612283
839628342
840818435
841733506
845259219
845619915
845910329
850732900
851517088
851854808
854080259
859173298
859402689
860700714
866523636
868900097
872455709
873156363
875452489
878104479
880155971
880573117
881055618
881837733
885680011
887506281
888201588
888604023
891466965
893784060
904215629
904433603
906747691
910122753
911463154
912293151
912741806
914044061
916333577
917278779
918255719
920892398
926312155
931497692
932263234
932838218
936479311
940477498
941332413
942203749
942688985
948408522
951592158
956834112
960375227
963765764
964826717
966659979
968424008
969339680
973269870
975842921
975881569
975908000
978310977
983051234
985349814
991444822
994380827
995495541
996681047
998967503
1000167356
1001964704
1002025661
1002792934
1006952953
1010400643
1010575164
1011470755
1013824724
1015341022
1019291496
1022981427
1022988669
1023413177
1023650983
1027887394
1031532009
1033265029
1034967248
1041440467
1043029807
1045406099
1045931220
1047255160
1048060086
1050618792
1050808951
1050918625
1053841592
1054602992
1055065570
1056179623
1057382136
1062605744
1064464428
1065338894
1065818359
1067185584
1068074058
1069394516
1070097314
1073224519
1073393209
1079154919
1080225865
1082237458
1084992708
1089360051
1092769939
1092958513
1094055349
1095210767
1096971479
1098680297
1099438858
1099572425
1101282798
1102444892
1102710236
1104478910
1107223936
1108227377
1109926888
1110544806
1112332030
1113874069
1116166145
1118002875
1119281075
1119579309
1120378640
1120933137
1124386067
1125022532
1125666966
1131330628
1134074683
1134742470
1135450868
1136094913
1137801645
1139491510
1140805424
1142444663
1144242390
1146178365
1151358792
1153371648
1154407274
1157435402
1163142664
1164483525
1164500394
1166533323
1166891097
1167496047
1168206776
1173149318
1185528927
1187504444
1188796679
1192953145
1193039785
1193172214
1197400801
1198308865
1201651438
1201756071
1205625227
1209254630
1211747319
1212556659
1212689474
1213196002
1215866500
1216628199
1216880970
1219502078
1219548439
1223044902
1226830547
1228029875
1229567609
1230861881
1233228566
1235931490
1239361001
1242409175
1243072531
1243970316
1244141341
1245473157
1246914580
1249765932
1250530338
1252015158
1252382920
1255502692
1256777333
1258952486
1260779366
1262130584
1266526784
1271513831
1271763596
1278079856
1278401220
1283213402
1285717039
1288633582
1293944358
1294565868
1299306654
1300760535
1302628193
1304563692
1306381891
1308737016
1308918044
1312271413
1312512193
1319139848
1319517026
1319587618
1320160454
1320717285
1322663472
1337789007
1339585015
1342357999
1344828760
1344974490
1348109392
1350508582
1350949556
1351522331
1356933908
1358963003
1364169052
1366687305
1366790793
1374136929
1380381749
1381361030
1381716294
1383232990
1388006236
1391932556
1394909056
1395473689
1397157381
1401743807
1403398591
1405574321
1410165102
1414787520
1415515338
1416964540
1417726808
1418072500
1418850781
1419431982
1422124162
1424229540
1425016142
1429551411
1431182044
1434980744
1437906169
1443624011
1451556044
1451937650
1452792926
1455354773
1455610754
1456129564
1458247223
1464540758
1465198161
1469586690
1471492430
1475777152
1475830056
1476587905
1476862197
1478048694
1480008598
1482565942
1485306306
1485674722
1486384155
1488118666
1496451554
1498205819
1498248774
1503934784
1507831565
1508605527
1508667250
1511974739
1513895147
1517871752
1518422307
1519562876
1520783786
1527921881
1529890114
1529947853
1532572761
1534226958
1537035840
1537608332
1539664149
1540009782
1540141489
1540252553
1543295452
1544286991
1546809421
1547346198
1550393467
1551832920
1553160260
1555217312
1555412462
1556702498
1556946347
1557790431
1565421188
1567626234
1567714026
1572679286
1573297105
1573987200
1575536448
1576139945
1576286482
1576589786
1577184636
1579626419
1581306826
1583028044
1587020376
1588379919
1593352537
1599059075
1599110501
1600642856
1601142475
1601504001
1602605576
1603133460
1606038301
1607956993
1608326407
1608423642
1611715719
1613234987
1614275430
1617999935
1619327433
1619701296
1619720000
1621055209
1631692409
1638596262
1643179037
1644251318
1646529938
1646547581
1648311845
1648441260
1649939483
1650410072
1655797467
1656830422
1657028863
1659383134
1664144065
1665796168
1669923011
1671078407
1671101921
1672310433
1672463261
1674338654
1675409992
1675856660
1677697397
1678265435
1678337506
1680278061
1687142711
1689529874
1690219290
1694911007
1695177458
1697307371
1699599459
1701203474
1702595591
1719410901
1722075494
1726619368
1726790811
1728048936
1739646847
1744302506
1744332372
1745574074
1747918634
1749215103
1751296479
1751877679
1753143861
1753675068
1755783358
1755787120
1759285886
1759783532
1761302863
1761364295
1763034106
1764733442
1765078247
1766231647
1769287278
1771603133
1771625649
1772664868
1772668667
1775514967
1776390988
1779312878
1782414791
1783189562
1785953176
1786906976
1789533766
1793899145
1794775304
1796000334
1796682075
1798133579
1799253858
1800289784
1805331481
1807350583
1807667136
1808231069
1810633240
1812363845
1813747166
1818078355
1821383543
1821658737
1821936771
1823742233
1830570449
1833211082
1837854627
1838718646
1839674325
1840348348
1841181669
1841322313
1844404572
1848018116
1852712855
1855358047
1856609237
1856678671
1857324718
1859344263
1861252893
1862160737
1864761321
1864851646
1869241643
1872981926
1873141523
1874854215
1881123846
1882833341
1883817447
1891914945
1894849622
1894930043
1897329428
1898487986
1898801620
1899225005
1899811684
1901251139
1901383204
1901422200
1903415384
1905058547
1907831496
1910873150
1912511573
1913692957
1914861886
1918709460
1925006647
1926095200
1926795688
1932674649
1932743869
1933341509
1936391812
1936593480
1936864240
1938813032
1939892522
1940132535
1941155807
1947763452
1951296448
1961907930
1964480744
1966239459
1967106543
1967441430
1969997646
1972355862
1974371288
1975460996
1982401151
1982521867
1988184508
1989012411
1989144031
1990842268
1993852229
1995050523
1997767154
2001536410
2003376896
2006952029
2008720222
2011859840
2025232924
2029693196
2031568427
2036235464
2039359283
2043910818
2044136352
2045582969
2046199945
2052179488
2053026887
2054528646
2054575737
2056319028
2059557674
2059767108
2061887508
2062199675
2065196956
2065415912
2066820487
2068327669
2068803049
2071290204
2072728087
2074870675
2075803719
2075935552
2080898620
2084314416
2089799041
2091296616
2091521127
2096190987
2096623029
2097351821
2097496420
2097954461
2098388945
2101455500
2102375185
2104889540
2111025261
2116946178
2117840314
2123664580
2125950163
2128680806
2128711181
2131531137
2132545313
2134225984
2134536678
2134689775
2141169895
2141419221
2144970598
2145186878
2145877388
2146200841
