7551444
7798018
8205809
9092076
10093327
14807477
15629889
19853898
24735188
25279219
26575098
27047643
31409366
33074961
35794666
37797042
40566710
44206548
45016869
45486557
45494288
46303065
46528503
46532333
47846245
48908254
50125934
51037318
51233545
52233745
53851714
55276944
58022218
58121937
60093474
64497848
64786059
69173158
70935670
71581060
72675442
73147135
74508430
75389152
76399856
79566185
81446935
82817691
84075286
85084584
90756098
91489941
93002676
95414044
96560614
99241940
105141134
113781182
114470344
114983979
118320084
120529483
123640148
124488825
130770989
133298430
133491392
135396998
137244722
140825646
144455501
145179538
146647216
154791251
155842524
156038890
156114348
156657836
160598438
167225871
172270992
174111121
174917037
175321995
178652900
181005675
182165152
183595775
186085770
188019960
194581123
195235406
196502707
198287794
198942267
205118170
205533212
207104340
210009849
210513646
211375104
214287833
215584135
220046136
221842188
227853604
230555797
239144571
243437224
244038661
248016993
249333521
249906370
252484709
259254528
263015687
263244676
272366011
273097748
274605776
274845763
277609003
277623891
278056222
279111612
280216809
281021433
284012343
286038282
286696005
289206281
289278918
290034232
290198863
291446254
291614538
291697678
291717068
292702157
295135383
295249775
299458128
301255548
305530302
305724953
306028576
306362775
308313193
312052212
313467198
313679466
317257391
318250438
318347449
320502413
322665249
326391112
327532288
327894373
329653328
334011813
334858021
335129739
339182395
342729890
343374665
343514197
347529381
348567618
348678365
349511812
349724447
349759657
352453570
356919829
357727057
361026352
362381605
365467381
366507282
366884001
368233874
369968407
371849626
376186594
376228590
381004573
384733177
384873223
403798596
407877612
409199770
410673594
411574792
411590828
412066274
414385737
419596292
421006491
422540704
428079819
428081441
431223660
434216394
436928104
437151794
437181700
445352625
446880972
448189370
449305662
455069335
456648839
457116560
460313934
463405410
463977626
467340265
468091243
468404568
470042524
470140605
472033100
473794526
476078455
476451447
476598140
477688809
479424869
483413882
483901337
485359093
487181480
489877215
491072174
493076233
494036896
495475530
498755880
499251412
501070804
504510934
506461110
507349372
509306557
511650922
514003045
515835945
517644456
519446470
521269189
527083741
530204203
534528193
536956712
537635184
545633941
545715794
546918521
550368746
550606388
558837925
561090181
561788496
562219209
563550134
563949097
565421742
571046264
571320715
571671677
572179827
578876285
580390591
588311393
589776418
592958192
594117995
594678452
595085212
597548828
598285605
598321453
598368005
600229069
604954851
607042047
607857712
609314488
614270367
614765207
624349716
625694059
628000522
628131685
634072485
634609597
638631268
639928660
640015130
641978090
643360574
643420790
649569608
650761325
651791742
652983114
655719682
655732783
656173812
656368205
657329496
661941660
664713397
665810695
666651848
667300483
668645371
670372997
670618701
670958654
673703428
673810401
675308803
679708175
681245981
682790313
682884444
683564035
684273539
684546415
684856805
688391972
689634033
693281380
694150379
694561437
696849242
698539489
699872655
699903932
703049618
703134811
704938129
706675272
709829755
709949772
710119976
714473697
719262739
721026838
725501452
734871363
739497109
742863114
744660685
744982651
745774641
747200971
747813360
750994926
753938263
754885385
756533536
756779522
758636181
760555724
765799978
765814005
767916102
776550794
779712501
779988172
781296997
782585688
787871268
787881828
788517619
791978001
792523466
793854270
795068615
795895073
796861253
799706649
801479952
801860769
804079755
804544044
804613479
806478173
807346358
807892150
809435166
810440288
810684678
811206164
815008332
815796235
816878357
818055117
824498401
826419749
826533241
829573287
829739932
834577155
835446393
836064758
836103783
837033200
837386324
840577570
852703428
855352702
857015944
858895356
862043325
862424524
864712722
866677722
867727981
877249739
879569139
882472456
885190168
887890243
889557289
890780991
891244350
896217523
904788978
905173890
906399272
911258728
914129979
915801193
922302445
922786550
923403234
924577836
926426058
927252564
927751582
927758382
930733775
931553406
934471606
936136690
938178296
938228473
941698661
942622846
944532794
951173486
953745340
957804731
961400919
965889716
967976788
973859040
976884426
976922140
977191161
978182845
982184946
983305883
983797247
984066467
984730939
986238093
991777966
992241242
992955737
993376812
995141811
995422937
1006240780
1007065843
1007657488
1014628143
1015142098
1015289057
1021025516
1023251861
1030390639
1033677389
1036183621
1036388982
1038713341
1039836614
1042398981
1043867093
1045082759
1045760828
1048918929
1049829382
1050138976
1052378871
1057422136
1059880044
1060329738
1060810922
1061058580
1064993199
1065132560
1066147958
1066506874
1068484250
1072801085
1072802723
1074960671
1079654096
1080959104
1082055362
1083810666
1086240740
1088167040
1089097124
1089365093
1089933921
1093753347
1093858384
1094328251
1095296568
1096069148
1098482450
1099443065
1101699926
1102402304
1103022983
1106032897
1106331770
1116371531
1119408816
1121333186
1122531487
1128398279
1128595289
1130060437
1135281861
1137684598
1139056479
1139495988
1142603760
1146207506
1146398437
1152344103
1154487568
1159613147
1160686233
1161046378
1161064028
1166485564
1171161795
1171275513
1174398285
1175692029
1175774444
1177665690
1177896696
1184150908
1186316056
1187782145
1188088247
1189039593
1192501810
1193224624
1194335358
1197281713
1197951155
1199814572
1203732076
1204054835
1204065104
1204642664
1204879405
1206732601
1207084197
1207901416
1209018601
1210327863
1211767299
1212946338
1213622941
1216913627
1221940377
1222934017
1228137965
1231071939
1232388418
1235189127
1237196165
1240045774
1240136776
1242020792
1242989708
1247612500
1248314368
1255929888
1256313637
1259000345
1259748417
1259960845
1260192244
1261076979
1261230143
1262402015
1268557160
1274775755
1276983712
1283562515
1286868941
1287384745
1288178434
1288188160
1288595859
1290155988
1293354007
1297739211
1298403653
1305871460
1307939083
1309467015
1311270439
1314733166
1317220953
1318064081
1319272724
1319900122
1322827682
1323959882
1324211025
1324699552
1324961649
1325535573
1326260768
1326662304
1329622429
1331559745
1331758130
1334978913
1343180697
1357645948
1358556429
1360901260
1361955490
1367895120
1369618824
1370405315
1370421724
1372499000
1374806937
1377003588
1379180737
1381239752
1385077756
1385463410
1388035339
1389778832
1390294667
1393054885
1399727412
1400840705
1401841265
1403280787
1404673810
1405511626
1409190562
1410778560
1412883433
1414059658
1414705996
1419810253
1424839276
1424841505
1428434377
1432163213
1432937122
1433330537
1433545322
1437001294
1437480613
1438572375
1439789024
1439810475
1440032137
1443017144
1447139068
1452239687
1453013195
1454249349
1456119280
1456248161
1461126718
1462308012
1462314850
1462735175
1465880510
1468840573
1470168511
1470225317
1470686384
1478988146
1479705777
1480319708
1480389254
1482008236
1485512689
1491608677
1492591996
1493591561
1496731705
1499576491
1506728594
1510816614
1511919046
1511975508
1517450505
1519827395
1520857566
1522545528
1524210864
1527899157
1529202376
1534042861
1535311916
1536016203
1537173329
1538401447
1541126578
1541953780
1543610821
1544086013
1546570920
1551603807
1551719197
1554361779
1559847202
1567318194
1568514535
1568530347
1570834559
1575743855
1578355102
1583039257
1585569792
1597084546
1597249891
1600830436
1601036846
1603632086
1605173552
1605350687
1609136568
1614182709
1616897876
1617925665
1619274901
1619952691
1620803246
1632294831
1636123224
1640771254
1641140060
1641663314
1649431616
1650000097
1650212857
1651664670
1651835433
1652203508
1656603621
1657023955
1657057969
1659061699
1659668580
1661027376
1662022820
1662266960
1662271824
1663133291
1665158586
1666660827
1669949081
1670058404
1670395179
1676011493
1679021848
1682744246
1683214632
1683573248
1685340300
1685442198
1686785167
1688858804
1689667062
1690254753
1693935814
1696191570
1701637348
1702745168
1705148586
1707601069
1709357394
1714658898
1715008699
1715670207
1715807192
1716883203
1716986817
1719224239
1725451919
1727803988
1728405471
1728631142
1729590280
1731955563
1734100659
1735226421
1736313849
1746194328
1747181079
1747209029
1751056333
1754587964
1756218328
1763720847
1768623575
1770708442
1771930807
1780135163
1784291132
1784321876
1784852272
1788576872
1792438589
1795268720
1795759713
1796894818
1800641158
1800767667
1813555274
1814013601
1816116418
1817961078
1819554739
1823400939
1827717153
1829046592
1831276601
1831417511
1835042221
1840088601
1841998431
1844394318
1845830705
1849446438
1849607526
1851471996
1851748716
1853104216
1854823527
1859251813
1859976294
1863907991
1864612787
1869835588
1875364163
1875481304
1875817261
1877017662
1879134240
1881368685
1882513456
1883149318
1890422908
1890549995
1895106704
1897819421
1900433713
1901891539
1905207543
1907673333
1908646534
1917717856
1918133058
1918270274
1920450214
1921320616
1927775104
1932012111
1935266898
1937966342
1938486834
1938631110
1939164520
1939311568
1939978033
1942102617
1942409580
1944494025
1944779016
1944826978
1947222792
1947936400
1948008121
1951172932
1951428596
1955949312
1956341828
1960113901
1960554208
1964942181
1966066543
1966228642
1966636270
1966701954
1971353507
1973162495
1974122046
1974503826
1977916987
1980684652
1981009437
1981507882
1983795903
1989561454
1999104550
1999960542
2004642533
2005191692
2005911906
2006333311
2008360679
2011493304
2011966060
2014137630
2015414864
2015523444
2017841568
2018129345
2018379700
2019045085
2020656340
2023076580
2023117839
2023457362
2028663810
2038120174
2044961019
2046634304
2047230313
2054934745
2058046753
2059552330
2060120354
2060388909
2060526866
2060675146
2061533554
2065711729
2070131896
2071476820
2073011763
2074008110
2074325442
2074475818
2077854677
2080338395
2085915324
2088732015
2089278187
2090177068
2090558683
2093808624
2097594021
2099644688
2100913579
2103849054
2104410443
2107902155
2110589190
2113939673
2114071877
2115490955
2117182592
2118557157
2123158083
2124921726
2127104790
2131742683
2134822423
2135868814
2136185734
2136691491
2136998184
2138126737
2140300726
2140337905
