6095635
7883349
9093658
10385704
11678376
13505559
17968353
22685513
23478721
27819690
27838319
30325437
32161633
33337728
36094565
36109956
37962320
38006294
46261051
50056036
53774542
54742239
61784196
63263153
68894677
71313689
71750515
73538296
73954564
74626239
74884803
75370672
77448080
79448943
80005216
81605632
88547347
102302103
103660544
104866928
105786697
108729399
109125666
112749025
113735762
113837481
114421070
115132254
117668664
117681236
120403943
123106339
123153374
123322950
124033924
124585079
126376389
126515109
129267227
134879504
139769618
140195062
140509240
142080918
142786038
144960445
145027031
145797527
146643040
150947234
151168538
152399229
156254706
156449777
157287402
157892164
160844883
162402897
163466879
166271655
166383446
167934511
168114565
168150108
168792120
169408556
171235401
172795337
173279708
176517175
177415861
178563156
178940919
183915418
186740653
193891684
195652117
201276544
201879363
202657240
208978454
209715588
212577892
213580641
216463765
220339850
226857344
227318130
227869375
230069081
230510134
234153441
234543556
236066824
237955958
242299435
244451988
253218631
254701501
255508848
258078525
259407206
260404975
266595212
269200337
271755375
273295997
275285613
278838341
286531628
287334056
287593299
288074080
289620417
290674831
292170825
294110742
294790478
296506104
297107197
298790117
301887475
305412216
309165407
309382419
310184083
317384509
319301151
322902290
324227024
325297627
327612061
330618843
330626433
330942550
338069973
339042768
340781351
341020988
341478258
342379737
343678838
343872578
347423271
347517965
352507108
355117217
355465759
359243091
359871554
361396868
363968013
364940630
365771069
366061870
366268789
366649209
367101295
368345605
369034214
372738371
377402217
378626609
382868528
383037435
384116771
387098730
388386418
391128824
392253829
396091902
397085000
397115657
404003098
406262823
407946703
409074765
418837251
419150606
419419351
422672978
423031060
425262162
429816315
431476381
431513617
433432263
435752443
448331107
449996646
450082899
450560870
451056334
451862719
458271818
462458615
465107832
466309421
468311518
468846275
472348705
474158533
478742641
482467351
485709366
488781097
491352870
492962443
493665051
498039875
499359721
504201240
514533500
514727315
519619565
522122053
522807704
524178732
525116005
525641047
527666862
532451944
532915937
533833157
542698615
545017145
549190582
549202768
549786309
554168402
555370925
555456744
555579518
557527623
563574000
563800848
566206970
568130983
571939970
573068956
577197982
580656219
580879353
581180704
581734874
582968555
583371402
586589743
587924369
589991019
590446663
594801212
598011106
600765055
601949954
604574175
604984277
606351721
610089913
610397597
613525291
615659811
617797429
618958378
620936013
621310191
624103075
625055657
626359567
626679433
630945257
631160058
631166531
632002920
638413373
646757812
650148364
651480838
651866733
654075251
654477509
658251471
661057102
661570215
665760682
669222789
671771098
672359510
672609936
673778533
677849368
681814219
687163129
689554331
692197635
692469205
692983661
693100159
697609333
697614534
697934015
698235159
699474527
701524370
701758347
707786374
710274543
711235392
712410160
715767440
725995320
727199491
731972115
732406746
733770108
738306413
740504933
741371633
742494259
742891611
753797623
755173989
755973358
756250840
757497770
758908159
769093477
769866514
772073231
772573496
773338215
774421733
776344709
776544814
778035164
781251446
781286267
781843082
782592893
782849975
785215441
791492052
791974731
793336654
796579119
798623812
802936672
803383864
804564534
805503871
810273404
811574362
811809756
818232231
818947504
822371146
822532282
826530328
828006105
828906072
829733368
830996607
833218836
834864560
837102940
837243024
837462293
838931830
839254142
846735646
848984651
853667085
857453555
860547910
861860940
865136719
867606491
872913381
873753017
879582711
880888398
889489288
891198781
892286521
894028730
894903189
895156946
895607900
898199210
898352792
899048315
913406760
913979438
917872882
919568875
920172565
922406983
923271300
923380765
924347861
929809957
930203085
931418111
934705709
940029116
945023466
947827835
948729733
949283924
953659546
954542441
956617510
957345379
957853089
958283629
958897105
961105553
961962216
962451506
963417017
965384400
969140099
970351556
970728153
976657715
979497917
981960974
982822920
982919833
983070985
984685059
985042041
985259599
987224870
990051522
990249577
993133013
994822767
998095412
998674566
999792140
1003678689
1004616934
1004840489
1007907183
1010343684
1012796649
1013237386
1013434550
1014840442
1017686285
1021487512
1023741083
1032145494
1034690204
1039476272
1043127451
1043423560
1043535527
1043762805
1044700313
1045144593
1045522053
1047058134
1047258126
1049117904
1049194932
1049243718
1049981504
1050965501
1051039830
1054803826
1055774995
1058749450
1064048780
1065706967
1068123742
1070616108
1071295401
1071941100
1074751744
1075632138
1076308033
1076546704
1077059425
1078735222
1080377024
1082934622
1085401560
1092174211
1092633298
1092802831
1093063375
1093208446
1094610844
1099448911
1101677493
1103001772
1103743417
1105878759
1106503511
1107160594
1108184220
1116045342
1117579929
1117893621
1119686466
1121073791
1122959701
1130566079
1130972254
1132106271
1134746713
1135311807
1137485050
1138598243
1139105212
1139702803
1139926521
1142672420
1143469832
1145079811
1148465572
1148777422
1149152547
1153897805
1155043847
1155206613
1156301529
1156340066
1157440706
1165113533
1166010329
1168914018
1170699512
1170811472
1171482888
1172380671
1172572746
1172579638
1172814959
1176967835
1183113181
1183738506
1184218868
1191404421
1199071216
1204659150
1205982257
1207989193
1208752348
1210036863
1212255926
1212467114
1216028888
1218088455
1222098720
1224421308
1226841583
1230649224
1232922222
1237382174
1240388347
1242913559
1244408464
1245928180
1249620039
1250291700
1251890096
1252554988
1254351950
1255555384
1256227095
1259144484
1263050207
1263803024
1267549446
1273890041
1274266883
1274648840
1277014964
1277946434
1279387441
1279587132
1283018314
1289573775
1291962797
1294799870
1294888423
1297206470
1298086984
1298264642
1298860746
1299183796
1300479767
1305837996
1307255785
1309283202
1309642038
1310557908
1313142150
1313623280
1314491373
1317985091
1321071712
1321244114
1323378389
1324576143
1325320491
1328011526
1328142447
1329641126
1329771112
1333025268
1334699101
1335750599
1335888594
1337802576
1341053447
1341425543
1343645007
1346398291
1347320628
1350220828
1359643647
1361515726
1363271711
1367438733
1370911873
1371516891
1371567707
1372791758
1377945017
1380053356
1380276200
1381427482
1387670105
1388273934
1391149089
1394168148
1397143823
1397688681
1404527521
1407724093
1408661280
1412985402
1413185292
1414306564
1416158969
1417400409
1425054620
1432682477
1433225178
1438200210
1442069696
1444450094
1448529718
1450576590
1451290238
1452404417
1453807383
1454268627
1454640147
1457031473
1459511683
1460304859
1461470901
1461660037
1461671803
1461762591
1463115295
1464319846
1465830171
1466356647
1466418111
1468701984
1469006789
1471256246
1473431264
1473481251
1473817408
1476425738
1479851528
1482836954
1484062759
1485362273
1485532061
1486419958
1487762986
1488317072
1488548389
1489420507
1491401398
1492229322
1497052008
1497404871
1498944176
1499644934
1499984574
1500066298
1501089086
1502147178
1507740775
1509114452
1510408432
1510435334
1513055020
1517397983
1517606036
1517662968
1517881905
1522170434
1523131989
1531325883
1535990634
1536971171
1537183695
1539592156
1541027187
1541531846
1543684133
1544207400
1546317890
1550089933
1551296303
1555801918
1556548097
1560498150
1561578431
1561857013
1561868356
1564348034
1566811860
1566858605
1569269953
1569827644
1570993900
1573334579
1575903771
1577520253
1578362428
1579023078
1583186600
1584185188
1585334730
1592436097
1593834563
1594153984
1594401810
1594442852
1606273772
1606387386
1606627515
1606830758
1607966422
1610098184
1614390512
1617356446
1617921302
1619553813
1621071717
1623104082
1624145024
1625691075
1626703483
1628842011
1629233368
1643808817
1647434178
1650942909
1657110543
1660618002
1660874260
1662107476
1664324546
1665125623
1672644182
1680240736
1680403681
1680426510
1683870658
1684711187
1691314676
1693627287
1694237013
1694243965
1697124255
1698227757
1701569220
1701679986
1702435013
1708809182
1710087211
1711040214
1711345169
1712153850
1717251296
1717396005
1717584170
1726401562
1728281673
1733366692
1736712581
1737654838
1742370543
1746793757
1748094721
1752938986
1753825625
1755422710
1756286382
1759081426
1759369047
1767714255
1772137279
1773426235
1777530681
1779534906
1779844187
1783076225
1783158641
1783845969
1785520655
1803708235
1805336734
1807909128
1809799839
1809917582
1812004757
1812406766
1819319652
1820124376
1821097592
1821665045
1822822030
1826053074
1826958089
1827065730
1831751837
1832207840
1833768417
1842354103
1843636286
1845595654
1847457233
1847789896
1848836818
1848898423
1849503377
1851084444
1851389525
1852848290
1854588508
1856515189
1859357300
1860820143
1863168869
1863581658
1863870871
1870134175
1872466174
1873675055
1874676034
1874708303
1875034939
1882348524
1884259919
1887016221
1888546043
1891004915
1891442079
1893083750
1895146705
1896103747
1896574697
1900449451
1900634510
1900647297
1901416152
1901758313
1902482485
1904723694
1906941704
1908343555
1908752323
1915820323
1918743195
1924950561
1931335374
1934058496
1934575800
1935301344
1941164881
1943610004
1947518301
1947827108
1948744633
1954476124
1955165711
1959336764
1961446276
1962599971
1965784293
1967909722
1969849190
1972280608
1973630568
1973774559
1982791360
1988040410
1994071339
1995371678
1995770020
2005328852
2005442144
2006097337
2008087363
2008684082
2013170206
2013971310
2016681476
2018133761
2026186675
2027967559
2030663202
2033220031
2036370797
2038900726
2038981894
2043900839
2045555271
2048187003
2050038911
2053375120
2053909043
2056243269
2056975422
2057994069
2058447123
2058828066
2062368638
2064774861
2065589406
2073319564
2073844472
2075044714
2076520184
2078000832
2078320889
2079547262
2080294651
2082909439
2083810079
2088355945
2091155970
2093766338
2094256985
2094440355
2094676180
2095797603
2096591466
2099657009
2100999886
2108240228
2108716726
2109775328
2120197150
2121411460
2124155538
2124479604
2125096811
2131139184
2131726828
2132273365
2133809583
2136320617
2138729457
2141820980
2142403786
2145270698
