1462330
1790310
3919757
10454546
12105474
12724587
12883289
17597252
19397800
20088531
20535822
24908153
24969112
26152233
29048944
29276970
35112792
37329503
40161169
40899879
41421628
41574910
43966547
45527030
46181239
46631170
47830848
50926066
52186383
56649059
62309855
68227545
71087435
72620807
75244655
77750402
80383213
82195061
82746460
87460259
89895827
90138866
91390140
96863052
97075504
97333381
98239653
101662310
102305144
104948068
109898559
110707223
115528233
117394598
121129586
122985595
127503085
128486460
133333302
135081927
135722689
139925447
142167771
150741606
154838535
155288088
155880619
156081276
157193374
162135936
169743737
172814240
176018215
178953848
182732819
184710538
185701464
187244012
187728971
200629248
205393472
207022264
207440202
208836833
209499313
211380861
213171007
213612939
217848025
217995773
223911014
224086078
225239201
227669785
228808026
229144693
232394264
232816690
233189063
233446928
234481314
234903996
236681260
237885183
246006166
246707961
247613421
247855029
248126239
248504800
250579610
257003656
258975810
262639673
263728603
268734419
272476868
274141550
276073503
281481192
284279627
286680582
288215445
288624412
288873723
290603645
292584744
294643088
294952153
300123036
300156464
300537130
304288682
304792917
305184288
306197181
307876424
308987791
309234171
311709323
315001579
318543433
324315755
328176018
331731997
332042033
332705449
338055505
345043256
350400497
353344213
353396010
356135881
357795143
359051063
368793688
370926663
376007628
376866944
385616759
386867448
388286257
388600168
389274865
389838027
390575724
392052754
394764343
395253570
399093047
399592761
400340868
401005874
402179198
411042244
411604145
414520616
415615298
416633509
416952842
425838579
426445346
428069375
428332628
431732210
433320250
443540284
445960602
447897240
456062252
458250383
459881104
461270492
461398199
462702425
462969750
463600909
470485536
471516610
473007938
479061284
479398331
482676908
485946150
485946169
486634182
486957700
487275333
487894287
491768175
492741566
493888755
494530245
496514985
498605690
499682908
501031829
502635232
505922695
507338154
508756801
511175188
513351509
514465745
514494780
515795391
518441312
518530654
521073661
525902126
530172317
530634373
534721158
535867765
537014780
538827778
539059858
541909784
542344891
543275375
544151008
552125967
553461319
558570116
562424315
565006840
569145196
570120541
570757149
572394593
574559034
582061726
582608715
583483328
583535111
584641236
589236457
590468767
601371188
607079238
608332286
611305291
615941006
619854291
620405206
621294052
625468614
626556044
628595043
632067295
633121827
638192378
646258589
649987547
651998327
653209369
657845081
662566734
665814451
666807585
668614878
669133221
669806247
671286203
674098683
676310367
676464619
677708974
678902225
679372647
681512049
682628736
684348398
690405643
692337622
696394773
696480416
696618947
698097498
699976083
700620524
702783040
705253049
706608862
708435885
710074364
710399322
716624437
718597783
719611487
727345663
728145528
728679272
729079064
729384571
731145434
734178358
734263911
735090977
736697723
737566612
740178689
742231281
743328789
744009083
746813939
750807482
751070212
756669236
759114270
759445753
760523782
762222576
762391453
764009630
765478992
765612313
766170071
766606548
767191753
767571032
771554283
771987497
772379318
772532205
772787416
774169958
776077028
777904078
778104689
778790434
780993005
782183421
782633820
785084686
786038028
789997373
790766357
793497160
796676180
797648237
799335169
799554942
799733485
800767850
802257066
808113825
810556930
812660297
817327095
822803850
823394045
823632090
823966416
830054445
830185633
831597903
834910963
839692160
841591049
842381045
844037085
844601669
848094745
849436259
851847756
853240514
854890215
855506541
856523534
856613393
858095597
858911770
859830819
861365215
861618214
863903936
868578195
868632545
870832275
871174613
871757062
878729945
881062754
885126188
885179855
885202855
885685263
887400869
889182756
890156416
896554219
898831257
899931091
902040032
905125997
906057924
906099104
916113115
916267980
916329030
916706402
919121882
923211105
923416797
926487306
929827721
929922672
931640080
932373033
932733484
932842495
934880477
935458659
936156692
937256742
937614298
937828939
946566829
946717363
949369407
955060193
956517586
958163205
959613712
961122737
964091314
965411348
974543815
975576647
976991620
982205681
987245068
987949727
988354179
992967543
993256607
995829067
999145944
1001100051
1002878198
1006437400
1006519324
1006573795
1008150097
1011491197
1016073601
1018730964
1021314867
1021639317
1023640250
1024704543
1024863186
1025939797
1027039669
1032580227
1036814836
1038780378
1041379380
1041863175
1043716727
1043749938
1048606890
1052013508
1052340538
1054040291
1054984044
1055485119
1056388643
1060900427
1062545530
1063197247
1064636894
1065758465
1070513514
1073452805
1074942397
1079414076
1080949038
1081515933
1083523678
1083585072
1083795344
1086574847
1087102195
1089312196
1091040936
1093437131
1095417922
1100214252
1100601993
1101254054
1101974905
1104418493
1105569880
1106089526
1107362893
1108123491
1113206412
1114000183
1115713924
1116220932
1117191057
1121960413
1127264571
1132044171
1136071859
1136383155
1136578708
1136774573
1138500976
1139460395
1139626751
1144608035
1144909694
1152978544
1154936814
1154976392
1156461611
1161990045
1165100811
1169201154
1171070065
1177476754
1180472745
1180569278
1180678766
1185602324
1185976628
1187074544
1187513934
1187837361
1189713147
1190952545
1193821995
1193961494
1198160548
1200217536
1201022058
1201436715
1208047823
1211913839
1214582124
1215899756
1217103917
1218620283
1221485325
1223244422
1225746750
1226440713
1227327218
1236918575
1237168957
1238641135
1241019485
1241906819
1242969098
1248787065
1249309302
1249338412
1250036482
1250867985
1251561705
1252384921
1253157586
1253326453
1256963401
1257228004
1260450830
1261252656
1267628841
1268772947
1269979339
1269985169
1270707009
1271824024
1272713276
1273405718
1275559060
1281375720
1282418925
1282473147
1284459316
1285768888
1287494131
1287811017
1288425228
1293461401
1294743677
1295508469
1296181986
1297833611
1298617520
1300253907
1305058037
1305070058
1306931041
1307467293
1308168967
1314730915
1316142251
1321248457
1322275688
1323470813
1324828108
1325078302
1326709060
1327568427
1329256158
1332516515
1333809248
1334341740
1336348382
1344047518
1344604638
1346143000
1349362423
1354857749
1354958550
1365366622
1365442127
1366353916
1372293045
1374664368
1378930653
1380293338
1384312645
1386796716
1388944805
1394223870
1394670527
1402104368
1402687401
1403886073
1409353460
1411741281
1411911733
1413780039
1415104901
1415110267
1416092505
1417072055
1417196896
1417569446
1422022227
1425010375
1428215050
1428997856
1429572751
1429938849
1434721453
1435405506
1437241558
1438344994
1447421773
1447603207
1453304731
1453916043
1454846489
1455637608
1457001764
1458086984
1461360130
1465411049
1466732694
1467933725
1468991183
1471244915
1471776872
1474245075
1476613152
1478263555
1480994685
1482935120
1485194295
1485719587
1485742673
1486956820
1487501200
1487798710
1491837876
1499721415
1499753651
1503057884
1503212789
1509456550
1509574986
1511079453
1513229955
1517934879
1520324522
1521074601
1521122511
1526510673
1526726332
1527207526
1529176855
1530946742
1537888908
1540852837
1541044740
1541549589
1543155700
1545815487
1548176834
1550117347
1551731869
1551754725
1554847568
1554905612
1559067998
1560243054
1560622530
1562696543
1565963928
1575533673
1575616130
1577581440
1578156218
1578314363
1580068490
1580764852
1581224915
1583030140
1585622831
1589931758
1591088683
1593238700
1598600216
1600327256
1601799160
1601853883
1604626220
1607907655
1612178028
1614996564
1618405802
1619613314
1620318087
1620803412
1623275948
1625712569
1629085236
1629493442
1630643569
1630952229
1632172396
1633969127
1639588049
1641491381
1641632777
1642045065
1642718092
1645596689
1647079100
1648199067
1649693333
1653190365
1653485449
1656669638
1658779270
1659489099
1660009174
1661020640
1663163304
1663314322
1663394387
1665007779
1669203614
1674314895
1675879755
1680041134
1683073765
1685192948
1686022291
1686162360
1691549163
1696168036
1696735040
1696972985
1698129272
1700909003
1707675602
1708492440
1708753224
1720550326
1722611056
1725124802
1726259737
1728331340
1728680870
1729065193
1729137245
1730175866
1732213624
1734456115
1736377711
1737160573
1741942257
1742058680
1742202065
1743643911
1747374706
1747491636
1748793903
1751494229
1752026885
1755724699
1755800434
1757085146
1762815732
1763379215
1766545849
1768561228
1769223899
1775813442
1777088987
1777261817
1777701188
1778503649
1781073523
1781354463
1781464784
1787620241
1791833775
1795395311
1798250774
1798834554
1799178466
1799960742
1802858462
1804569848
1805157374
1807439705
1807865339
1814129241
1819811181
1821036747
1825959878
1840137905
1843302444
1845150552
1846407075
1852955481
1854047759
1854249988
1856798115
1857341391
1858421365
1859941048
1860708489
1860965511
1862806769
1871801813
1876197905
1876244228
1876262896
1879244190
1880548202
1881122766
1881724425
1882240631
1884060061
1887246583
1892417558
1892419367
1893010360
1897669655
1897723750
1897999135
1899568253
1900983925
1901789166
1903153536
1905619911
1909633266
1910865147
1911963832
1913458989
1915973398
1916532149
1918009123
1922212130
1923290727
1923493904
1924427815
1930594484
1932384306
1937244502
1938598336
1941824277
1946311693
1947418411
1953384300
1953677087
1957942599
1960475562
1960769310
1962404020
1962942508
1968526135
1970711105
1971849085
1973268640
1978373014
1980332813
1980426401
1981157167
1985161216
1986923458
1988035158
1991940046
2000152447
2000650238
2007436419
2008195717
2009411956
2010003088
2014608791
2015799763
2016601229
2018550580
2019499953
2019804667
2022767089
2022788204
2023540400
2026059836
2029845752
2031369652
2032291697
2036589220
2039155488
2039706313
2042110891
2044756493
2046026682
2053435741
2053714889
2055547579
2056718162
2058739735
2059621687
2061977995
2062288610
2064278375
2064982602
2065831312
2068595501
2071615414
2071678064
2073821243
2079586156
2084741442
2085822112
2089175565
2090706237
2091383320
2091564964
2092187289
2092468908
2095403250
2096117991
2101666559
2102705514
2102997840
2112836441
2116573681
2118140086
2121044248
2124198711
2129645944
2133329349
2135675209
2137199482
2138085795
2139357066
2141282432
2142838405
2144239195
