1148388
6344648
8265554
11025047
18190984
18961759
19887346
25821324
30122409
33645815
33645909
37528236
39899325
40439282
40562848
41172742
43339190
43858562
45361881
48728048
49201379
51946702
52093605
52550149
54368347
56157735
58726150
59320529
60007322
63722190
63817759
64428566
67406968
72705632
80305138
81710372
83886590
85094024
85366442
86234089
90424931
97499812
97636499
99231362
101736019
105312819
107011942
107310719
109146473
111978495
113901503
114683796
117694392
118427947
119645721
121630814
122698710
122965409
125388881
126525187
128571775
132856103
138484097
139320157
139426136
141440360
142217590
145614179
146372758
148805496
149317623
154214602
154300403
156790742
157248086
160783519
160943207
176949035
181988308
182298797
183339623
183828404
186326044
187295774
194140907
194454247
194870247
196458017
197560923
198693940
199617176
202883464
204024189
208749122
209424057
211280613
213476590
214706033
216032150
219191386
219565925
219924549
221248756
222036188
225188725
226031113
226146122
226309762
226961771
227737360
228643249
228892540
229478050
231976645
232265031
232601972
233159096
234714498
234836009
234892079
242717368
248963355
253934817
254708969
257207457
258777068
263437666
263536290
263567125
264314655
265214077
265623312
266301778
266425204
267161805
267250975
270815573
271679654
273372611
274621714
275207235
280471281
291513684
295989390
299132385
299686018
304999633
306157366
306533212
308066101
312400755
313942467
315451871
317864209
319608941
325223800
325715074
327106089
332559959
334115800
335769257
337685739
339640545
340076937
340333780
341250736
343084169
344167753
345142905
349115486
354081282
356628518
357432515
359291801
360316331
362582039
363781058
364899818
366057890
366920737
376059582
378062498
378263244
380192246
383997373
389021553
392891695
394631097
396195802
396714599
400582388
404234864
404809997
408721530
409418583
411868874
413425883
414958280
414989633
419134411
419941566
422763102
426276229
429613638
429667916
429987818
430408875
430498348
431523038
435329553
440956960
444155261
446457690
447743942
449734106
452538556
452775779
453023345
454015313
454409608
463473788
466023805
473737173
480288321
481822002
491884842
493190267
495517797
500007379
500540460
502373208
504119836
504287670
507932601
508137412
512729563
513328093
516317766
516573447
517276291
519150674
520082822
520508142
521735354
522784971
523154630
526900490
528864740
529305424
530865576
531014251
531131132
534788007
535724391
536116944
537273543
542984176
543924597
543960613
549459411
549991731
550664182
555423747
557722372
560519493
561263638
566615443
567718695
568021388
569711256
573057411
575728182
583471223
584638577
589230026
592158860
594575326
596420418
598388313
598442734
602405264
605049618
605473216
606246685
606475560
608542128
610748895
611796701
612917850
614371287
615528125
618854455
624789795
625840441
625967800
627274693
630363977
634664438
635973990
636845833
641375312
643758461
645683517
645949118
649538524
649854828
651794507
652466684
655488776
657460798
657867825
658649243
658649598
658684235
658830044
660779228
670179846
675886678
676392652
677603489
677927309
680767247
680840488
681282979
681302210
687944139
689186201
690524985
691466851
693406702
694488178
697013544
698593402
700862844
702130907
703473416
704589330
707812634
716179697
719996903
729465260
732395232
733861181
739172912
740344380
742221417
745141867
749265391
752469276
752829584
753680821
754175907
756228567
762665417
765950566
766991972
768001928
769550223
773546064
773889477
778978138
781033229
785954541
786094591
787205664
788738811
791769671
793135701
793190214
795129668
796703469
797434348
800360649
800729778
801875031
807301387
807945771
808039752
809522752
809531095
810093441
810432924
810870240
817063989
823522764
826890693
832462730
832965858
834533403
840939255
842359778
847214738
848819781
852268413
853112244
853708003
856518946
860554901
861815592
862703757
864332743
867595929
869678637
869990070
871112991
871970867
876763368
878267220
880140252
880715061
884881561
886578273
887731982
890065921
890536818
891925168
894938954
896467380
898564156
904932193
905791898
906638359
915150577
917328371
918746788
919096237
921105864
924490078
924969319
927373744
927910396
928830473
928840774
929900652
931039581
931610513
932160814
933596033
934631444
936990641
940371037
941406229
946490403
947252187
955321568
956056406
958733512
958818712
958841460
962970954
966209265
967368788
968258575
968893301
969843986
973752311
974537835
974739822
979559520
981122420
985643306
985984355
987470237
990512759
990530788
990735660
999541432
1000765806
1002204505
1003184470
1006284346
1007052924
1010454908
1013711439
1014856158
1015169897
1018041076
1022539771
1024146528
1027325621
1028963129
1034945610
1044297758
1045958162
1046782025
1048878191
1052778347
1052955511
1053885235
1056039884
1056613173
1058180122
1060288181
1061842743
1061941718
1062764188
1063449052
1064171771
1065662024
1068724050
1070158933
1076177878
1076933391
1077348258
1078546359
1079457951
1079487418
1081199278
1083060413
1083763372
1084216915
1088258054
1090291943
1090448585
1091407720
1093188477
1093210600
1095100562
1097731112
1098550189
1101426153
1101994517
1104490287
1105896655
1105952144
1111210211
1112148189
1117647759
1121551278
1125302623
1127228697
1132645698
1133830800
1134595167
1135345343
1138544305
1140268171
1141950665
1143145916
1143161066
1148653210
1150442516
1156505993
1157039029
1158995294
1159897767
1162949956
1163081965
1163259703
1170657201
1171231698
1171291096
1178460231
1178536846
1181008935
1185029207
1185197514
1187283097
1187526280
1189859832
1193537631
1197728013
1202794200
1203872235
1204113815
1208239349
1214148683
1214320512
1216060086
1218167891
1219095492
1219871661
1224298255
1225253254
1233649135
1240888499
1241468426
1250256397
1251335392
1252001826
1252829892
1253963300
1255008541
1256215617
1259264699
1260004930
1260015197
1260460896
1260879248
1261023293
1261244300
1266719423
1267956332
1269282159
1274081530
1277029929
1279324510
1279358323
1281412191
1282878614
1288467561
1290568476
1291142981
1291785222
1293532015
1294302972
1295018905
1295523651
1298186332
1298830948
1303006164
1304141262
1312432709
1314111292
1314182644
1315409077
1315483055
1317724197
1320060213
1320390065
1321521956
1322875491
1324410151
1326635720
1328587822
1334191062
1334259173
1334899113
1334960699
1336872114
1339217536
1339989119
1340224589
1345019803
1345071274
1346750266
1349916276
1353632520
1356932887
1356976206
1357137201
1358567323
1361111437
1366468549
1372323032
1373230411
1374444491
1378787182
1379130853
1380225977
1382060709
1384024205
1386658937
1387360090
1388259489
1394862757
1395334833
1399306676
1400018138
1405429339
1407000014
1407800233
1409786242
1410821826
1411276222
1415273601
1415617524
1416113264
1416378036
1416385825
1417443089
1420290744
1422287191
1424424614
1427094441
1431685426
1433001649
1434839365
1435352123
1437558592
1438764183
1443982191
1446181059
1446929038
1448359627
1449350840
1450418282
1451239145
1455234233
1455924567
1460383622
1463695592
1464183685
1464704150
1471100658
1474424248
1479019806
1479448363
1479491425
1480209920
1480212670
1483777842
1483860586
1484089152
1484583787
1486607362
1488189941
1496132854
1500358593
1500876888
1501848404
1502531882
1503551038
1505222934
1505732863
1505871951
1506798181
1511374906
1513859594
1514204297
1515570204
1519041819
1519564569
1521229647
1522430761
1522501642
1522971975
1523535028
1524353881
1525613427
1526866247
1531991124
1536527784
1538720019
1541458849
1542525765
1543637218
1545798003
1546658896
1547747743
1550402729
1551930574
1554001784
1555728742
1557227968
1557544349
1569060897
1573189041
1575705211
1575916665
1582781419
1583116877
1584200557
1585183936
1586388163
1588642998
1591322886
1592221965
1592398628
1592910703
1596391241
1599473707
1600372758
1601758945
1603357640
1604864394
1604981620
1605692415
1605697903
1608671018
1609478280
1610666194
1619782462
1622213012
1628290499
1629862643
1629882956
1630332829
1631721013
1632669542
1633055995
1633670056
1637224110
1640315589
1644456486
1646473816
1646690914
1650643911
1653761092
1654981266
1655285150
1656657536
1660649447
1661389761
1661787903
1663538514
1668391313
1671855769
1675760790
1677013888
1683997587
1684075727
1685147519
1686165749
1692092471
1692706150
1694754344
1700589418
1702463354
1703791873
1709942601
1716929769
1719330200
1720735103
1721239593
1728682021
1730051604
1731784777
1732846744
1733849889
1739949878
1741373577
1744580676
1747949650
1751767073
1758022097
1758915326
1768365736
1773171936
1777428578
1778898592
1786137186
1787110463
1787585064
1787843109
1793025105
1793076948
1794534382
1799943002
1802483024
1805007989
1805428941
1805831659
1809955101
1816530763
1823578643
1825256090
1830223525
1832419999
1832474400
1834361730
1835705084
1835921551
1837779317
1838960059
1839776060
1840171892
1842184316
1842345488
1847298004
1848648107
1849725139
1850491160
1851360022
1853522429
1854437714
1855170512
1856226994
1856988397
1857128079
1859986318
1860810217
1865063797
1867954115
1869902242
1870180662
1870503012
1872420707
1874352812
1875706654
1876623909
1878434675
1881394370
1882405031
1883694921
1896734119
1897493963
1899432778
1900813973
1904939376
1909423696
1918583323
1918759282
1921022555
1921365674
1922807884
1925965187
1926967392
1927616744
1927859786
1929489441
1930173794
1930333743
1931099305
1932355745
1934697263
1935185213
1935258223
1939300911
1941792222
1945273986
1945455095
1945697261
1947523416
1947634405
1949981561
1954453105
1955261888
1955697304
1958620227
1958633917
1961343724
1961963272
1961997342
1962265621
1964128672
1965986987
1968698353
1969038424
1969700360
1971346582
1972809222
1977483127
1978733938
1980653811
1992142601
1993377185
1997032388
1997368853
2002182997
2004531036
2004568121
2009732760
2018080894
2019537532
2019706523
2021270696
2025603824
2029306630
2029313770
2029700837
2032329252
2034385516
2037215258
2038276706
2040767690
2042985967
2047762924
2050300147
2054342070
2055073470
2057471580
2059233529
2064127193
2065081523
2065312379
2066329328
2066591994
2069354210
2069456017
2071177032
2071216938
2078900191
2079262131
2080174224
2081007579
2081267336
2081689129
2087705896
2089279465
2095879188
2098636113
2101078442
2104155089
2104439985
2108264403
2114332892
2116012126
2117358662
2121087940
2122038631
2130901803
2131077151
2133883807
2137883267
2137887040
2139211115
2139452267
2145057085
2147126564
