0 268435456
23 134217728
31 268435456
33 134217728
46 268435456
48 134217728
61 268435456
63 134217728
77 268435456
79 134217728
92 268435456
93 134217728
106 268435456
108 134217728
122 268435456
123 134217728
139 268435456
139 134217728
277 268435456
279 134217728
296 268435456
297 134217728
315 268435456
317 134217728
333 268435456
335 134217728
351 268435456
353 134217728
370 268435456
371 134217728
389 268435456
390 134217728
408 268435456
410 134217728
423 268435456
423 134217728
579 268435456
580 134217728
599 268435456
600 134217728
616 268435456
618 134217728
634 268435456
635 134217728
654 268435456
655 134217728
674 268435456
676 134217728
693 268435456
695 134217728
708 268435456
710 134217728
728 268435456
728 134217728
866 268435456
869 134217728
881 268435456
883 134217728
898 268435456
899 134217728
915 268435456
916 134217728
932 268435456
933 134217728
953 268435456
955 134217728
972 268435456
973 134217728
989 268435456
991 134217728
1008 268435456
1008 134217728
1159 268435456
1161 134217728
1178 268435456
1183 134217728
1197 268435456
1199 134217728
1215 268435456
1217 134217728
1233 268435456
1235 134217728
1248 268435456
1250 134217728
1265 268435456
1267 134217728
1283 268435456
1288 134217728
1303 268435456
1303 134217728
1449 268435456
1452 134217728
1467 268435456
1469 134217728
1486 268435456
1491 134217728
1504 268435456
1505 134217728
1523 268435456
1524 134217728
1541 268435456
1542 134217728
1558 268435456
1559 134217728
1576 268435456
1578 134217728
1591 268435456
1591 134217728
1727 268435456
1729 134217728
1746 268435456
1748 134217728
1765 268435456
1766 134217728
1783 268435456
1785 134217728
1801 268435456
1804 134217728
1819 268435456
1821 134217728
1836 268435456
1838 134217728
1854 268435456
1856 134217728
1871 268435456
1871 134217728
2010 268435456
2012 134217728
2027 268435456
2029 134217728
2046 268435456
2048 134217728
2060 268435456
2062 134217728
2079 268435456
2081 134217728
2097 268435456
2102 134217728
2117 268435456
2119 134217728
2136 268435456
2142 134217728
2159 268435456
2159 134217728
2293 268435456
2293 134217728
3936 268435456
