0 268435456
53 134217728
73 268435456
77 134217728
103 268435456
106 134217728
129 268435456
132 134217728
156 268435456
159 134217728
182 268435456
186 134217728
209 268435456
213 134217728
237 268435456
241 134217728
265 268435456
265 134217728
513 268435456
518 134217728
547 268435456
553 134217728
582 268435456
588 134217728
614 268435456
619 134217728
649 268435456
654 134217728
678 268435456
683 134217728
711 268435456
715 134217728
741 268435456
747 134217728
775 268435456
775 134217728
1001 268435456
1006 134217728
1033 268435456
1038 134217728
1064 268435456
1070 134217728
1099 268435456
1104 134217728
1132 268435456
1137 134217728
1164 268435456
1169 134217728
1198 268435456
1203 134217728
1229 268435456
1234 134217728
1261 268435456
1261 134217728
1480 268435456
1485 134217728
1512 268435456
1518 134217728
1550 268435456
1556 134217728
1581 268435456
1586 134217728
1614 268435456
1618 134217728
1644 268435456
1648 134217728
1676 268435456
1681 134217728
1710 268435456
1715 134217728
1745 268435456
1745 134217728
1969 268435456
1974 134217728
2003 268435456
2008 134217728
2036 268435456
2042 134217728
2070 268435456
2075 134217728
2104 268435456
2110 134217728
2138 268435456
2144 134217728
2175 268435456
2180 134217728
2210 268435456
2215 134217728
2244 268435456
2244 134217728
2463 268435456
2468 134217728
2492 268435456
2497 134217728
2525 268435456
2531 134217728
2558 268435456
2564 134217728
2592 268435456
2597 134217728
2623 268435456
2629 134217728
2656 268435456
2661 134217728
2689 268435456
2694 134217728
2724 268435456
2724 134217728
2951 268435456
2957 134217728
2983 268435456
2988 134217728
3014 268435456
3020 134217728
3049 268435456
3053 134217728
3084 268435456
3089 134217728
3119 268435456
3126 134217728
3153 268435456
3158 134217728
3186 268435456
3192 134217728
3221 268435456
3221 134217728
3453 268435456
3459 134217728
3484 268435456
3490 134217728
3519 268435456
3524 134217728
3552 268435456
3558 134217728
3589 268435456
3594 134217728
3622 268435456
3628 134217728
3657 268435456
3663 134217728
3694 268435456
3698 134217728
3724 268435456
3724 134217728
3949 268435456
3949 134217728
9755 268435456
