0 268435456
105 134217728
161 268435456
179 134217728
242 268435456
275 134217728
342 268435456
367 134217728
436 268435456
466 134217728
545 268435456
576 134217728
650 268435456
698 134217728
765 268435456
798 134217728
875 268435456
875 134217728
1917 268435456
1987 134217728
2112 268435456
2204 134217728
2328 268435456
2391 134217728
2506 268435456
2585 134217728
2716 268435456
2793 134217728
2918 268435456
3008 134217728
3139 268435456
3223 134217728
3356 268435456
3439 134217728
3564 268435456
3565 134217728
4673 268435456
4753 134217728
4878 268435456
4952 134217728
5079 268435456
5151 134217728
5269 268435456
5342 134217728
5464 268435456
5549 134217728
5672 268435456
5750 134217728
5882 268435456
5975 134217728
6098 268435456
6172 134217728
6296 268435456
6296 134217728
7341 268435456
7420 134217728
7535 268435456
7605 134217728
7719 268435456
7785 134217728
7894 268435456
7970 134217728
8082 268435456
8151 134217728
8264 268435456
8329 134217728
8442 268435456
8548 134217728
8661 268435456
8728 134217728
8842 268435456
8843 134217728
9903 268435456
9979 134217728
10100 268435456
10188 134217728
10310 268435456
10386 134217728
10506 268435456
10575 134217728
10692 268435456
10775 134217728
10898 268435456
10964 134217728
11076 268435456
11140 134217728
11253 268435456
11318 134217728
11429 268435456
11429 134217728
12506 268435456
12581 134217728
12710 268435456
12777 134217728
12888 268435456
12963 134217728
13081 268435456
13161 134217728
13281 268435456
13350 134217728
13467 268435456
13547 134217728
13661 268435456
13740 134217728
13852 268435456
13922 134217728
14039 268435456
14040 134217728
15164 268435456
15249 134217728
15373 268435456
15447 134217728
15570 268435456
15642 134217728
15761 268435456
15835 134217728
15956 268435456
16035 134217728
16157 268435456
16236 134217728
16360 268435456
16431 134217728
16554 268435456
16630 134217728
16756 268435456
16757 134217728
17853 268435456
17926 134217728
18048 268435456
18118 134217728
18242 268435456
18325 134217728
18445 268435456
18523 134217728
18645 268435456
18720 134217728
18842 268435456
18912 134217728
19030 268435456
19137 134217728
19265 268435456
19336 134217728
19460 268435456
19460 134217728
20607 268435456
20607 134217728
34508 268435456
