0 268435456
25 269484032
38 268435456
40 269484032
52 268435456
54 269484032
67 268435456
68 269484032
83 268435456
84 269484032
97 268435456
99 269484032
110 268435456
112 269484032
125 268435456
126 269484032
141 268435456
141 269484032
239 268435456
240 276824064
254 268435456
255 269484032
268 268435456
269 269484032
283 268435456
285 269484032
296 268435456
298 269484032
309 268435456
310 269484032
323 268435456
324 269484032
338 268435456
339 269484032
353 268435456
353 269484032
458 268435456
460 269484032
472 268435456
473 269484032
486 268435456
487 269484032
501 268435456
503 269484032
517 268435456
518 269484032
532 268435456
534 269484032
549 268435456
550 269484032
563 268435456
565 269484032
576 268435456
576 269484032
695 268435456
697 269484032
711 268435456
712 269484032
726 268435456
728 269484032
742 268435456
744 276824064
756 268435456
758 269484032
771 268435456
773 269484032
784 268435456
785 269484032
796 268435456
797 269484032
807 268435456
807 269484032
913 268435456
914 269484032
928 268435456
929 269484032
942 268435456
943 269484032
957 268435456
958 269484032
973 268435456
974 269484032
990 268435456
991 276824064
1004 268435456
1006 269484032
1021 268435456
1022 269484032
1036 268435456
1036 269484032
1150 268435456
1152 276824064
1166 268435456
1168 269484032
1180 268435456
1182 269484032
1194 268435456
1196 269484032
1209 268435456
1210 269484032
1222 268435456
1223 276824064
1237 268435456
1239 269484032
1252 268435456
1253 269484032
1267 268435456
1267 269484032
1390 268435456
1392 269484032
1405 268435456
1407 269484032
1421 268435456
1423 269484032
1437 268435456
1438 276824064
1452 268435456
1454 276824064
1467 268435456
1469 335544320
1485 268435456
1486 269484032
1499 268435456
1501 269484032
1513 268435456
1513 276824064
1630 268435456
1632 269484032
1646 268435456
1647 269484032
1661 268435456
1662 269484032
1676 268435456
1678 269484032
1692 268435456
1693 269484032
1708 268435456
1710 269484032
1723 268435456
1725 269484032
1739 268435456
1740 269484032
1754 268435456
1754 269484032
1878 268435456
1878 269484032
3458 268435456
