0 268435456
49 270532608
76 268435456
80 270532608
111 268435456
114 285212672
146 268435456
150 270532608
180 268435456
183 270532608
212 268435456
215 270532608
244 268435456
247 285212672
277 268435456
280 270532608
310 268435456
310 270532608
575 268435456
579 270532608
607 268435456
610 270532608
638 268435456
641 270532608
672 268435456
675 402653184
703 268435456
707 270532608
735 268435456
739 270532608
767 268435456
771 270532608
799 268435456
803 270532608
833 268435456
833 270532608
1096 268435456
1099 270532608
1128 268435456
1132 270532608
1162 268435456
1165 270532608
1195 268435456
1198 270532608
1226 268435456
1229 270532608
1258 268435456
1261 270532608
1290 268435456
1294 270532608
1324 268435456
1328 270532608
1354 268435456
1354 285212672
1615 268435456
1620 270532608
1651 268435456
1655 285212672
1686 268435456
1689 270532608
1719 268435456
1723 270532608
1751 268435456
1755 270532608
1783 268435456
1786 285212672
1816 268435456
1819 270532608
1847 268435456
1850 270532608
1881 268435456
1881 270532608
2146 268435456
2150 285212672
2181 268435456
2185 270532608
2213 268435456
2217 270532608
2245 268435456
2249 270532608
2276 268435456
2280 270532608
2308 268435456
2311 285212672
2340 268435456
2344 270532608
2373 268435456
2376 270532608
2403 268435456
2403 270532608
2666 268435456
2669 270532608
2699 268435456
2702 270532608
2732 268435456
2736 270532608
2768 268435456
2772 270532608
2800 268435456
2804 270532608
2834 268435456
2837 270532608
2865 268435456
2868 270532608
2897 268435456
2901 270532608
2928 268435456
2928 270532608
3192 268435456
3195 270532608
3227 268435456
3230 270532608
3259 268435456
3262 270532608
3290 268435456
3294 270532608
3324 268435456
3328 270532608
3357 268435456
3360 270532608
3390 268435456
3393 270532608
3421 268435456
3424 270532608
3452 268435456
3452 285212672
3715 268435456
3719 270532608
3750 268435456
3755 270532608
3782 268435456
3785 270532608
3815 268435456
3819 270532608
3848 268435456
3851 270532608
3881 268435456
3884 270532608
3913 268435456
3918 270532608
3946 268435456
3950 270532608
3979 268435456
3979 270532608
4241 268435456
4241 270532608
7243 268435456
