0 268435456
103 272629760
144 268435456
151 272629760
188 268435456
195 272629760
232 268435456
237 272629760
284 268435456
299 272629760
338 268435456
347 272629760
385 268435456
391 272629760
436 268435456
454 272629760
500 268435456
500 272629760
1334 268435456
1384 301989888
1474 268435456
1517 272629760
1604 268435456
1648 272629760
1731 268435456
1788 272629760
1877 268435456
1917 301989888
2001 268435456
2044 301989888
2141 268435456
2195 536870912
2273 268435456
2324 272629760
2416 268435456
2416 272629760
3267 268435456
3315 272629760
3401 268435456
3446 272629760
3534 268435456
3597 272629760
3691 268435456
3735 272629760
3833 268435456
3887 272629760
3984 268435456
4035 272629760
4125 268435456
4175 272629760
4261 268435456
4311 272629760
4402 268435456
4402 272629760
5206 268435456
5254 272629760
5344 268435456
5388 272629760
5472 268435456
5517 272629760
5603 268435456
5647 272629760
5735 268435456
5779 272629760
5862 268435456
5913 272629760
6005 268435456
6054 272629760
6141 268435456
6187 272629760
6278 268435456
6278 272629760
7134 268435456
7184 272629760
7270 268435456
7312 272629760
7400 268435456
7451 272629760
7539 268435456
7592 272629760
7688 268435456
7750 272629760
7847 268435456
7895 272629760
7995 268435456
8049 536870912
8127 268435456
8170 272629760
8257 268435456
8257 272629760
9093 268435456
9159 272629760
9242 268435456
9291 272629760
9382 268435456
9439 272629760
9540 268435456
9608 272629760
9703 268435456
9753 272629760
9851 268435456
9908 272629760
9993 268435456
10044 272629760
10139 268435456
10200 272629760
10291 268435456
10291 301989888
11097 268435456
11150 272629760
11249 268435456
11311 272629760
11416 268435456
11476 272629760
11579 268435456
11659 272629760
11765 268435456
11825 272629760
11930 268435456
11991 272629760
12097 268435456
12157 272629760
12258 268435456
12321 272629760
12427 268435456
12427 272629760
13278 268435456
13329 272629760
13417 268435456
13469 272629760
13564 268435456
13619 272629760
13722 268435456
13779 272629760
13886 268435456
13944 272629760
14042 268435456
14112 272629760
14222 268435456
14287 272629760
14397 268435456
14464 272629760
14572 268435456
14572 272629760
15560 268435456
15560 272629760
27017 268435456
