0 268435456
25 276824064
38 268435456
40 276824064
54 268435456
55 276824064
69 268435456
71 276824064
85 268435456
86 276824064
99 268435456
101 276824064
114 268435456
116 276824064
130 268435456
131 276824064
146 268435456
146 335544320
263 268435456
265 276824064
280 268435456
281 276824064
297 268435456
298 276824064
312 268435456
314 276824064
327 268435456
329 276824064
343 268435456
344 276824064
359 268435456
360 276824064
374 268435456
376 276824064
389 268435456
389 335544320
507 268435456
509 276824064
522 268435456
524 276824064
538 268435456
539 276824064
552 268435456
554 276824064
569 268435456
570 276824064
584 268435456
586 276824064
599 268435456
601 276824064
615 268435456
617 276824064
631 268435456
631 335544320
745 268435456
747 276824064
761 268435456
763 276824064
777 268435456
778 276824064
793 268435456
795 276824064
809 268435456
811 276824064
824 268435456
825 276824064
839 268435456
841 276824064
855 268435456
856 276824064
869 268435456
869 335544320
981 268435456
982 276824064
997 268435456
998 276824064
1011 268435456
1012 276824064
1026 268435456
1027 276824064
1042 268435456
1044 276824064
1057 268435456
1058 276824064
1073 268435456
1074 276824064
1087 268435456
1088 276824064
1103 268435456
1103 335544320
1224 268435456
1226 276824064
1240 268435456
1242 276824064
1255 268435456
1256 276824064
1271 268435456
1272 276824064
1285 268435456
1286 276824064
1300 268435456
1301 276824064
1315 268435456
1316 276824064
1331 268435456
1332 276824064
1345 268435456
1345 335544320
1460 268435456
1462 276824064
1475 268435456
1476 276824064
1491 268435456
1492 276824064
1506 268435456
1508 276824064
1520 268435456
1522 276824064
1535 268435456
1536 276824064
1552 268435456
1553 276824064
1568 268435456
1570 276824064
1583 268435456
1583 335544320
1703 268435456
1705 276824064
1720 268435456
1721 276824064
1735 268435456
1736 276824064
1750 268435456
1751 276824064
1765 268435456
1767 276824064
1780 268435456
1781 276824064
1795 268435456
1797 276824064
1811 268435456
1812 276824064
1826 268435456
1826 335544320
1941 268435456
1941 805306368
2878 268435456
