0 268435456
52 285212672
81 268435456
85 285212672
114 268435456
117 285212672
146 268435456
150 285212672
180 268435456
184 285212672
214 268435456
217 285212672
248 268435456
251 285212672
280 268435456
283 285212672
313 268435456
313 402653184
560 268435456
567 285212672
598 268435456
603 285212672
632 268435456
636 285212672
665 268435456
669 285212672
699 268435456
703 285212672
731 268435456
735 285212672
765 268435456
769 285212672
798 268435456
801 285212672
830 268435456
830 402653184
1091 268435456
1101 285212672
1132 268435456
1136 285212672
1166 268435456
1169 285212672
1198 268435456
1201 285212672
1230 268435456
1234 285212672
1263 268435456
1267 285212672
1295 268435456
1299 285212672
1327 268435456
1331 285212672
1361 268435456
1361 402653184
1622 268435456
1636 285212672
1670 268435456
1674 285212672
1704 268435456
1707 285212672
1739 268435456
1742 285212672
1772 268435456
1775 285212672
1806 268435456
1809 285212672
1838 268435456
1841 285212672
1872 268435456
1876 285212672
1906 268435456
1906 402653184
2162 268435456
2171 285212672
2200 268435456
2206 285212672
2240 268435456
2244 285212672
2273 268435456
2276 285212672
2306 268435456
2309 285212672
2340 268435456
2343 285212672
2374 268435456
2378 285212672
2407 268435456
2410 285212672
2438 268435456
2438 402653184
2700 268435456
2710 285212672
2744 268435456
2748 285212672
2777 268435456
2781 285212672
2809 268435456
2813 285212672
2841 268435456
2845 285212672
2876 268435456
2879 285212672
2910 268435456
2913 285212672
2943 268435456
2946 285212672
2974 268435456
2974 402653184
3233 268435456
3243 285212672
3278 268435456
3282 285212672
3311 268435456
3315 285212672
3344 268435456
3348 285212672
3378 268435456
3381 285212672
3411 268435456
3415 285212672
3444 268435456
3447 285212672
3476 268435456
3479 285212672
3507 268435456
3507 402653184
3765 268435456
3780 285212672
3812 268435456
3815 285212672
3843 268435456
3846 285212672
3877 268435456
3880 285212672
3911 268435456
3914 285212672
3944 268435456
3947 285212672
3976 268435456
3979 285212672
4010 268435456
4014 285212672
4043 268435456
4043 402653184
4300 268435456
4300 1342177280
6468 268435456
