0 268435456
108 301989888
147 268435456
155 301989888
194 268435456
201 301989888
240 268435456
248 301989888
286 268435456
294 301989888
337 268435456
355 301989888
397 268435456
407 301989888
446 268435456
454 301989888
506 268435456
506 536870912
971 268435456
1042 301989888
1136 268435456
1189 301989888
1290 268435456
1346 301989888
1457 268435456
1560 301989888
1667 268435456
1771 301989888
1876 268435456
1937 301989888
2041 268435456
2105 301989888
2208 268435456
2270 301989888
2373 268435456
2373 536870912
3159 268435456
3262 301989888
3368 268435456
3446 301989888
3545 268435456
3608 301989888
3720 268435456
3821 301989888
3925 268435456
3999 301989888
4096 268435456
4161 301989888
4264 268435456
4339 301989888
4440 268435456
4507 301989888
4613 268435456
4614 536870912
5439 268435456
5522 301989888
5634 268435456
5733 301989888
5840 268435456
5930 301989888
6038 268435456
6127 301989888
6232 268435456
6293 301989888
6402 268435456
6468 301989888
6577 268435456
6657 301989888
6766 268435456
6839 301989888
6946 268435456
6946 536870912
7781 268435456
7871 301989888
7983 268435456
8046 301989888
8150 268435456
8233 301989888
8342 268435456
8447 301989888
8555 268435456
8659 301989888
8767 268435456
8858 301989888
8964 268435456
9025 301989888
9130 268435456
9194 301989888
9303 268435456
9304 536870912
10125 268435456
10210 301989888
10322 268435456
10420 301989888
10526 268435456
10585 301989888
10690 268435456
10767 301989888
10873 268435456
10941 301989888
11047 268435456
11138 301989888
11240 268435456
11302 301989888
11404 268435456
11472 301989888
11579 268435456
11579 536870912
12438 268435456
12540 301989888
12657 268435456
12755 301989888
12860 268435456
12941 301989888
13049 268435456
13139 301989888
13244 268435456
13312 301989888
13414 268435456
13487 301989888
13590 268435456
13665 301989888
13766 268435456
13840 301989888
13946 268435456
13946 536870912
14745 268435456
14834 301989888
14947 268435456
15037 301989888
15140 268435456
15223 301989888
15331 268435456
15420 301989888
15526 268435456
15606 301989888
15708 268435456
15776 301989888
15877 268435456
15941 301989888
16041 268435456
16120 301989888
16221 268435456
16221 536870912
17037 268435456
17038 2415919104
21600 268435456
