604409
3923701
5595330
9339400
10496186
12510888
13077600
13431619
16504261
18130875
18327187
19321216
19591468
23101190
29055466
31310831
34091543
35057647
36241694
36824383
39433915
39909452
40911372
45668910
49331637
51694293
53613675
55204311
56473203
59596182
71829759
73030574
81387694
81741011
90378701
92518415
93734277
97437208
98966184
99298226
100186155
100459564
100645679
105197823
105460926
105919473
107237508
107643102
110116513
111111690
115451406
118380041
118570105
118908440
120275880
120921600
122869923
128185775
129092523
130168059
141167188
146326928
149936485
155197188
158254723
160586754
163663921
166663626
169130350
169686314
170341170
178840477
179939113
180896125
182729636
184169901
185639172
186171415
188135317
188477302
190370896
194087999
194486501
198589737
198630860
199220041
199635389
200013161
200989569
201527837
209922359
210995681
220837391
223723098
225264721
226802217
230110536
234159343
234822486
235377042
236174356
237996003
239768557
242057383
242748716
247720709
249612356
250529158
253207170
256742270
259437598
259737338
259868583
261307088
263358963
264511573
269503504
272038631
273406696
273670023
274291065
276295816
277956956
290782482
290911173
291008406
293603917
293930793
295341345
297055115
298751343
307236590
310294674
310490663
312439135
313526780
314046861
315421446
315739048
317067120
317126219
317355888
317940300
318853611
321779779
322441635
323276180
327369710
328342739
329533277
330171829
332775068
336306661
340051280
344020641
344902285
346899712
354010727
354268894
354858121
356846753
356949899
357748631
359011799
361724164
362936671
364223414
366759766
370300909
371951968
372166986
375088506
377591308
380606321
382873508
388124748
388220564
388918400
389850340
389932611
391899280
393479511
397732319
398605958
400508034
402662164
403910221
406205969
406822698
407097169
410700623
410903705
411280031
413147051
413752838
413893651
416006607
416060985
417900810
421896827
423203652
428873566
429387658
430988636
432114745
432598965
445931719
447903081
448044894
450186535
452070887
452340734
453248102
455223627
460420963
461646615
461718292
461874247
468201598
472151781
475274913
477112639
477359643
477457423
480449147
480590865
484244553
486303049
486683055
488225623
489186340
491647935
492222484
492886438
496645140
498313757
499577560
501745606
502380205
502907602
506678134
507083969
507922378
508122321
508697333
509668863
520771537
520880713
521951686
524426900
524958489
526344869
530220263
531805900
533348871
536023182
538351928
538659427
541647777
541721197
543677024
548380567
554470577
554769426
563325971
566000429
567025030
567239598
567807729
568265844
568465174
569709061
572115196
573202989
574068462
574479212
574635958
575552424
576658996
579697215
584223687
584992786
590552218
591579385
594289043
597250139
602017123
602413901
604671688
608186516
609296663
610655368
611059724
614685617
616354405
620023725
620719722
629204775
630431653
631438424
632929303
642053581
642409146
644520095
644787358
645162572
647904062
649632687
651659428
653134476
655848834
659881956
662121710
662906345
663614161
667448450
671223511
672237781
672585547
674304057
676280344
680769680
681820829
683308364
684174978
684307660
685405498
687538290
691671522
694603333
699550591
700205364
701040789
705441553
708804685
708909370
711979568
713078977
713246111
713389243
714340742
715296516
721851403
723889278
724096052
724880285
725273514
728309496
729627221
729939404
732249085
734871837
738485068
738643144
742169008
743261900
746380181
746750807
751891206
752273325
755061642
757080780
760114956
762288521
767699562
769447630
769816152
770021012
772201788
772685067
775229141
775555277
776604521
782274850
783941619
787878293
788550886
788789896
788922507
793071290
793618336
795090147
796886494
798517016
799470864
803227942
803353851
807774507
809289372
809801138
812510562
812579575
813981314
817455381
818051394
819590780
822000981
822018651
822028322
824058994
824442612
829104211
831762616
832621636
835101061
835175597
837472655
840146971
842489440
843141987
844134698
844764352
845627267
845919020
848664217
852571769
852746910
853320272
856429193
856538571
857838901
858016838
868392400
871817616
875438643
876837601
879320124
881153496
882449851
884812168
886928340
890603604
894344435
894616188
894707725
902127602
902526309
903151088
905112208
905166206
905651372
905708391
906230018
911545000
912235091
915366524
916014553
916708783
918658401
920616553
922513645
924196824
924408663
927024664
928935563
929297332
932834120
934870388
936463997
938804130
940073747
944659264
944788327
945537888
947855406
953865727
955488555
959719940
962502298
966737783
967277198
967432624
971658395
974642952
975906176
976384540
976774293
976899632
980124720
984185464
984261899
995567891
1000940812
1003855875
1006691862
1007459540
1007694626
1008842420
1008873692
1011219638
1012247451
1012699101
1015125808
1016116542
1019226000
1021408318
1023072017
1028013563
1030481384
1032291002
1040157633
1041420131
1042063923
1043244080
1043491965
1044301924
1049418504
1049495680
1049945804
1050177809
1053155365
1053888002
1055443306
1064147037
1067706703
1068857363
1075630787
1076832303
1080760450
1082676602
1086807304
1087720724
1094042544
1094897204
1095299695
1097936987
1099080280
1101788070
1104477068
1107629872
1107992264
1110403725
1110815727
1113113008
1113992553
1114502747
1122904430
1124777740
1129161639
1133753457
1134599212
1136267157
1148090831
1149356226
1149390974
1149616107
1151772095
1153777851
1156291930
1156418667
1156980278
1157023480
1158015423
1160862321
1162828799
1164517086
1169398909
1172311710
1172417053
1173314086
1174160293
1174525148
1174680742
1175318064
1175437807
1176405752
1177890337
1178115548
1187415664
1195277911
1196992977
1197546396
1198420883
1198695253
1199276582
1199304701
1201530919
1202374475
1208819989
1211510442
1211694781
1212867076
1214047401
1218945807
1219232045
1221543386
1227295097
1228590058
1231159875
1231444383
1239051178
1239212576
1239633709
1240917033
1241720294
1242589063
1244615842
1245837033
1246986145
1248016397
1248673531
1252538460
1255811553
1256692064
1259870102
1260876956
1264935450
1267112680
1267538940
1270423520
1272701254
1276324347
1279236193
1280544783
1281259069
1286044254
1286480288
1286989672
1289387632
1290884587
1297253281
1297485330
1298602126
1298635913
1298798219
1301409208
1302644214
1304518507
1304803697
1306325244
1318013226
1319541916
1322246081
1323508232
1326036497
1326388818
1328586499
1331354866
1332952892
1334359370
1335126422
1337171759
1337869047
1339402487
1340846129
1341422892
1343011094
1345155687
1347702825
1351463675
1352851858
1353991258
1359326558
1360276439
1360333409
1368841113
1372631974
1376249664
1376278957
1376384392
1377754165
1381994926
1383911935
1384271707
1387263464
1387387980
1389536400
1393784923
1404580318
1406868580
1409694292
1410541863
1411288839
1412451251
1413058749
1414011155
1424709033
1434326919
1436848995
1438085481
1442218315
1442254503
1442274786
1445270590
1449114769
1452927469
1453779598
1458304824
1458659660
1461794338
1463228789
1464450260
1467344221
1471279440
1473816139
1475823252
1480625056
1482296764
1487801483
1489012819
1489034200
1491264064
1491968113
1499010869
1502308838
1510022993
1512431740
1519698608
1520711410
1521133297
1524978346
1532522149
1538153638
1544772198
1547006508
1551490885
1556250944
1562437093
1563281966
1563541487
1564137640
1568367475
1570044557
1570223353
1570860909
1570925230
1572820333
1575610386
1575888625
1576745373
1579121444
1581479744
1584043910
1585838942
1590272603
1590700949
1593953568
1594208155
1596214967
1604737471
1604954767
1605417484
1606748375
1607298810
1609363288
1611360834
1611415832
1616868575
1617994353
1618089901
1618648277
1621940593
1624558330
1624786080
1624822849
1625888032
1628003169
1629741370
1631807324
1631812370
1639076237
1639696643
1640686796
1641156802
1644136281
1650515958
1650948546
1651014926
1651544146
1655878049
1656982252
1660520541
1663905634
1664404613
1664971364
1665286298
1666836522
1667205369
1667848274
1671304039
1677932706
1678818739
1679286896
1681909423
1683012751
1683052627
1685035257
1691199682
1692371940
1694996648
1696513010
1697698069
1698914489
1701654371
1706278995
1711678621
1711802785
1712538753
1714569071
1714643870
1714857389
1717975969
1718229396
1718669062
1722487893
1723855327
1725682166
1732728548
1734062663
1735418113
1736608266
1737899082
1742113846
1743711641
1744813924
1745012326
1745569201
1745889078
1745913099
1746758452
1748040044
1749035247
1752251667
1754855354
1756596550
1756748379
1757253536
1758810979
1759616179
1760281684
1761549746
1763772864
1764231598
1765065164
1767734714
1768613239
1769486548
1773511227
1774456091
1774982428
1777020130
1779189326
1779860292
1781104971
1783231155
1784887616
1787457510
1794349594
1801813528
1806224159
1809588334
1812208581
1817518575
1817601920
1818272148
1818739822
1823808288
1826800851
1829074285
1829486497
1831095860
1831867317
1839796205
1847445485
1849746423
1850481113
1853322177
1858577136
1861335748
1865657748
1866604698
1868433427
1868892341
1871320597
1872098510
1874513264
1874657682
1877878625
1878877614
1880215962
1880572541
1882663788
1886474797
1888191420
1889195139
1891308360
1898349061
1898644830
1910308708
1914492994
1914969108
1916098339
1919841548
1920452087
1929293282
1930421898
1934326888
1938854268
1941405004
1945615180
1948322787
1956279137
1958939939
1960498689
1963099040
1964580857
1965066008
1965276634
1966318595
1971195535
1971806617
1972298403
1972810155
1972921732
1975669516
1976452642
1985267929
1985269713
1988415286
1992491480
1993415738
1994019170
1996939339
1997213952
1997878755
1999703325
2002383822
2003493382
2005488654
2009167776
2013745707
2014296419
2015872884
2017311837
2017451715
2017725836
2019333136
2019915869
2020189291
2020249052
2021299259
2022006462
2023211081
2027932392
2028565600
2028636885
2033434526
2036693339
2041988791
2043218092
2046987329
2049115616
2049393249
2050592408
2050624191
2054982132
2056096647
2056523203
2056771752
2060595392
2062984577
2063398413
2064377609
2064826897
2066002915
2072122995
2072841626
2073546316
2079143282
2079509400
2080162649
2081376706
2081930574
2083373566
2086374063
2088664985
2090413966
2090452916
2091796689
2093007180
2099603846
2102956714
2104834494
2105461822
2105896778
2107278823
2107486579
2108294175
2116633793
2117019582
2118772254
2119303338
2120067708
2120574246
2121715829
2127961320
2132098356
2134061628
2139805407
2142186752
