3518544
5282095
5864518
6951944
8942962
12001892
13752343
13829256
17099485
17236187
18883076
19520547
21368630
21529955
23338866
24095032
25673916
27720947
31061509
37147862
42186720
42679216
44302147
46185264
50045214
51318583
52654339
52797758
53207266
53596645
57652861
60914603
63571163
63576422
67544431
68539848
70275182
74430858
77206379
80446333
83064905
83894105
85154776
86034482
86950021
88158240
88951367
89992991
90930790
92555592
92597491
100317662
104272281
104774412
105922478
107521877
108188738
109678523
110997955
111127954
111339769
115135059
117106285
118388004
122165771
122747391
124267845
124747830
128220770
130193332
132745533
136083835
136850006
138115519
144935881
151841885
152666408
157570815
161360855
161940049
162835629
164525347
167350766
169536289
173635270
176588488
177632055
177779632
181658128
186688910
186907145
188547443
189675487
190703318
191440221
192170666
193761293
196935606
198213009
199849290
202202118
202593122
205945528
206399926
206630321
206902103
207487785
208850451
210113792
212255542
216741176
225459047
226305336
227418807
228280242
229901042
232989371
233682575
234462979
235077992
237202010
238055276
242081713
243272180
245091025
245746665
247424699
251011458
251415444
252608572
253488919
257682544
260474686
262960964
264282339
264785040
265457854
267169306
267732818
270099759
282069845
282667738
285124812
289569087
290327957
301683980
303041003
307530113
308783315
309751063
320243315
321523556
323069293
325564160
330168616
336207090
339198590
341497161
341636604
342337987
344692594
345019909
345527181
350367979
354747848
354773482
357006857
362599530
363953668
365678775
366594117
368792290
371222229
373082353
375549224
380447401
380513851
384415329
391054598
392200276
401369235
403404004
405221649
405540084
406235987
408556727
410941383
415683688
416903962
417332919
428263993
429808009
430766767
431127780
432778531
440468519
440796633
441003568
444688440
445350954
445912953
447725401
448265789
449513754
452091949
452188133
453936204
456510030
459127315
459679055
460675639
460856234
461172495
461946782
463349908
468573417
469474444
470353543
473111345
478241582
481215511
485741981
485755513
489508698
490885970
493174339
496275979
497077969
498170948
498785488
499110452
500071716
500399773
502788700
503292932
503375656
505445992
510815303
512243757
512795361
513039815
513328000
516186445
521062115
522284627
525669924
527489065
528950505
529109510
529794656
535829210
537787707
539676826
543763663
552348460
558501694
561822701
562845402
565857196
566597418
566947922
577395482
578267624
578687847
579564406
579896871
581140357
581243198
585910625
585942035
587541363
589415843
589701107
594040797
596648191
601899362
602061230
602649145
602763256
603086373
605291141
605482895
611516875
612854615
614042284
618905766
620386917
622374697
623731941
624430015
627620628
628970440
629165414
630482047
631440525
631887909
632954594
635519520
636679720
638504869
641067933
644039534
646117893
646260803
651577214
652334454
653145474
654212788
655773509
656050696
656324317
657641442
667035181
671055119
671554881
673023159
673273361
674021415
677879035
678038153
681530653
683712249
683796462
683829659
690896269
691484790
691982337
692008268
692384265
692739338
693068676
696220639
699289359
699756916
700073978
702684914
703864564
703973532
704886690
712193910
723243688
723820435
724820578
725044543
726276370
728742275
729341138
729678932
735375823
738221958
746199734
749753093
755139346
757719696
758050859
759709939
763104396
771475255
771894677
772199689
777466377
777549840
779474461
780817981
785708290
786181169
786938681
789815514
791582930
792522047
795988559
797089577
799222196
801613152
803674316
807231661
807243323
808202727
809807834
810122577
812363638
817290251
825966935
827449631
829241046
832477264
832921691
833452148
842168885
849019104
860313528
864622794
865409520
867777559
870156934
872177084
873819934
877205870
877874299
878270456
881150443
884250325
889610106
890675840
891842345
895639542
895901128
896917238
897990544
901322510
901376590
905724584
909591570
910524102
913726458
914910254
915629921
915943293
919386476
920154653
924533238
925389552
929926071
931394962
934772249
935438715
935871420
937610633
938388094
938575501
940868813
945628890
946823351
946886499
947774418
947914833
948015361
949848241
950898009
958313240
958452020
960842599
961680693
967022841
969804955
972211330
977019327
980901579
983043698
983661967
985807657
986947835
989669916
991331625
994135481
994318455
995649727
997079432
998388332
998710045
1001421123
1003164422
1005479929
1006349106
1007954008
1008375035
1009510924
1010177861
1010956246
1012255507
1012774745
1017834672
1020725312
1025066324
1030391958
1032765277
1032974083
1033053338
1033154596
1033855921
1034700901
1039119645
1039318672
1041602700
1045920811
1050365820
1054867058
1055472722
1056698827
1061886001
1063003974
1063529269
1063586998
1064113247
1070556048
1076700989
1077564763
1080122987
1080271638
1080383449
1081571644
1082726089
1084667957
1086439612
1086702192
1088167796
1091691898
1091867672
1092785628
1096143755
1099116083
1101203288
1102057984
1102947027
1103863927
1103886841
1105064302
1107691230
1108112233
1110311343
1111621709
1112995234
1115114434
1116494202
1118740376
1120651488
1121432197
1122068169
1122857813
1123947852
1127306411
1129049621
1132487949
1135357469
1140957169
1141163982
1142721826
1144857381
1146856111
1146904389
1148993352
1154110539
1154668766
1161250759
1161259135
1161605881
1161705527
1163145382
1163952556
1165297503
1167900652
1175891234
1175987336
1177326106
1182758400
1185655320
1187352880
1191300763
1191665566
1191674546
1194036240
1195051380
1195401939
1195741001
1198709430
1201882760
1206306835
1207059359
1209411494
1210003118
1210546268
1214389426
1215566031
1217504170
1220688403
1221020959
1224465235
1226180421
1226375016
1226617359
1229551995
1230030102
1230946548
1231592458
1231909150
1236359420
1237624327
1238277188
1238843495
1239006489
1246868283
1251475986
1255460959
1258720390
1258950303
1258985944
1260047230
1262588244
1263307902
1264998294
1267280495
1267544695
1272060700
1276483729
1277489606
1277551543
1278253349
1280132420
1281478763
1282600599
1283419387
1291215988
1292200129
1293637032
1294304768
1296445731
1296564859
1298668128
1300233752
1300300773
1300900571
1304304256
1312908077
1314839196
1324479015
1325221364
1327199126
1330946839
1332004920
1333322973
1347886201
1354571057
1354878572
1356240813
1357386145
1357974626
1358433527
1361203379
1361499939
1366053340
1366784827
1368396574
1368694809
1370301300
1370482034
1371058092
1377144458
1378495176
1382141737
1386966033
1388662800
1389332412
1390254599
1395617739
1396794673
1400684053
1401778201
1402409179
1404824538
1410871088
1412914513
1414297108
1415444344
1416312501
1421806236
1423538102
1423735915
1424827948
1431099417
1436448161
1436971487
1438338292
1439033659
1440602603
1441425935
1442561711
1443028158
1443805721
1443859443
1443866484
1450169947
1450795048
1450831744
1459022575
1466480143
1466728531
1467065965
1467564423
1474599764
1477312343
1484527329
1485031399
1487813417
1488328328
1489102992
1492966056
1499985061
1504073950
1505506138
1505571566
1507564744
1507870809
1510801978
1511792168
1511799472
1516145714
1517333018
1518375313
1523189454
1524973301
1526410384
1526824089
1527152811
1528332468
1528912237
1530477522
1532208662
1538115843
1543484656
1544925752
1545812076
1547328033
1548395944
1549599932
1549743353
1551130695
1551960328
1553894909
1554911794
1555449592
1556842767
1556954204
1559600947
1560777888
1564233635
1570904785
1573496779
1573859004
1580453893
1581357767
1582185754
1582730260
1585945021
1586889891
1589516649
1591869955
1593367278
1594448907
1597914221
1598514115
1599793370
1601820101
1601832683
1608230239
1615229254
1616449491
1622961913
1625025394
1626108419
1627061701
1627823290
1628585102
1636322602
1636947168
1637154112
1637419782
1639027967
1641721800
1646735495
1653450324
1653837329
1654663358
1658045628
1662614997
1664319085
1667686770
1673032500
1673137821
1675050463
1683640285
1684331562
1685906741
1687762223
1687793209
1692334331
1694407294
1696731789
1697737123
1710912426
1715260750
1716917644
1717922548
1723175485
1727294101
1729288368
1730333779
1732963659
1733384711
1740396109
1742128497
1742489160
1742802411
1746996199
1748436792
1750660244
1750851613
1752487126
1758560152
1759058333
1768844738
1773366319
1775719344
1780660462
1780945552
1781130374
1782579123
1784323754
1784693756
1786130904
1786579775
1787615751
1789680249
1790616617
1795702402
1796319982
1797912328
1798452552
1798603114
1799045881
1799194171
1802614695
1805766430
1808660685
1810745533
1811939919
1812954509
1813232820
1813677102
1824008977
1824136579
1825833846
1828449127
1829573029
1833093301
1833492321
1835386052
1835809663
1835942409
1835964541
1836394999
1838922835
1840943156
1842119887
1850803950
1852314362
1853438336
1854481236
1854863055
1855715870
1859130882
1861306612
1867527471
1867867030
1874113341
1874311138
1879904834
1880513142
1881243414
1883047363
1884428608
1884592090
1888556688
1889370817
1890341278
1891641279
1896244886
1900236934
1900632497
1902674437
1902931309
1904203848
1905920002
1912524686
1916117151
1916680639
1920642085
1922461600
1924535222
1924562827
1925740329
1925786211
1927051820
1928189632
1928189911
1928363881
1929431363
1931071244
1932456902
1932645232
1933703402
1934698247
1934720563
1940015878
1940083716
1941905702
1946579857
1948371600
1950612093
1950728299
1952019600
1954748828
1955395520
1956104173
1956311846
1958421243
1959011771
1961476916
1962116777
1962804340
1963040657
1965408043
1965754768
1966147545
1967543543
1967893897
1975685762
1980557394
1980619311
1986754636
1986804973
1989333892
1992728531
1993370636
1998460687
1999750783
1999819673
2002466393
2002806856
2004776812
2005190264
2006171589
2010957412
2011000491
2012457358
2014149019
2020978278
2025189073
2027511039
2028868232
2028976078
2031855897
2032874739
2039043040
2040083949
2042953348
2047631593
2049488477
2050447164
2052835201
2053706238
2054867230
2059306897
2059450144
2060704192
2061261589
2061705576
2062425160
2062769108
2065817910
2067499077
2073703712
2075743012
2076045663
2077372203
2079888112
2082723497
2088176165
2088675020
2097340818
2104360013
2110131823
2112933365
2114257493
2115988211
2116731456
2117493337
2122628030
2127535112
2127704379
2127990691
2128808245
2130105834
2131884635
2134279455
2136356548
2141855854
2143429489
2144462021
2146118099
2146461671
