4435127
5056453
6086137
7123977
8213442
13127274
15212322
16029078
17322756
17847959
17968833
18858244
18862985
22260830
26678862
26690098
27720450
28994318
30937663
31255974
32050127
34887926
37844290
38750865
41989151
42778633
44885221
52903032
55106500
62689104
65275005
67448044
69401491
71255994
74685819
76198851
77786123
83028966
85246037
89011356
92213536
96268044
98336651
100142332
101264463
102473770
104016615
104095409
104134799
104259079
104336791
106251864
106794184
111386374
112458138
113699249
113751718
114189256
118390286
118549216
118738817
120837403
121265742
122941861
127769303
136505347
136816904
138711701
140761209
142777442
145192034
146274055
146911441
148085955
150674362
151059296
151070426
151344791
151467701
151901044
152300659
155559647
158403568
158776209
159503729
162193214
162283558
162646959
163943387
166546413
166565990
166874429
171139551
173113855
173213697
173595954
174298296
174986208
175558929
177662657
179787294
184502202
189446595
191081755
191532761
193124715
194228501
195527616
202874679
210451150
211408160
211971694
212252057
212514370
215418658
215419416
220756230
223264641
223272867
225240121
225820987
227768031
228134501
228958791
230049768
238928950
240545539
241801501
249110764
251914496
260468464
261959578
262661711
263766364
265598752
269534565
272973265
277440284
278198694
278259467
282802471
283270552
283647062
298231279
298316006
299662358
300500249
302902826
303003482
307999792
311154935
314148292
316244551
317324495
317911013
319518809
321916196
332753688
335008274
340348306
344796154
347238916
349984332
350508616
352088050
355146190
358551310
361228300
366605449
369549958
369703379
379349791
380556362
380883689
383193640
390201047
393822518
394491165
395416752
395797138
396233658
397596625
398302050
399339191
402493622
403329077
404589413
407198100
409731446
410188578
412275272
412364150
413151096
414044905
420793441
424755368
428322635
428640326
428845514
430459972
430649554
432576330
434431319
436963603
437216971
438013476
438419859
444802779
445259324
446687553
447937108
449613466
449775770
450665391
453341701
456402394
457465728
458312100
463711629
464614993
466532037
467091739
468748606
470282328
475615232
479549579
480580949
482391359
486812942
487612059
487848529
488715324
489495313
490305091
494414800
498278661
500782321
501965489
503436982
504813804
504937909
506177356
511062395
518176941
518813793
525931189
527917118
529292408
533628629
533646859
541150662
542307139
543026179
543289951
543817428
551571724
554961710
556026651
564678596
569614627
576098691
580562258
582662202
583494116
585410101
588254298
595750412
597894434
598243014
601201837
603194528
604366286
609493643
609837886
611713316
613550539
614439820
616923576
617315509
617330443
618551635
619149250
622010156
627827348
630021485
630032873
630989256
635034236
635487305
636242602
637206117
642466709
644080901
644401142
645280240
646907881
651215799
651434466
652823988
653155153
653187995
654332586
654530642
656482594
660056454
661559788
662910898
665068999
667014263
674540181
679819286
681695340
681954414
685808670
686315783
688357459
689961773
697240100
701092446
705750149
706296493
707374250
709266304
714979028
715032340
717445989
719581847
719981049
723197197
724920302
725351134
728246539
728261106
729407024
731070090
732832033
733617104
734426636
735251723
735767925
737764136
739588587
745732171
747608000
749862109
750200644
751855551
754803623
754889978
762112911
762176706
763331297
768964202
769724260
771724280
772986364
773835145
774696844
777789821
779879849
783123827
787437656
792954510
793524233
793688173
798047417
798145264
798588932
799660567
800803288
804475368
804657731
806034105
806376247
807386262
817848389
818979146
820845667
822926879
824599655
826786009
833728891
836019636
836594863
839678374
840629606
840676049
841583241
842784462
845420029
850407792
859464219
861830324
861976122
864747286
866951250
869894045
871875782
874486258
875737790
880052161
880480939
880682661
882402534
887323209
888127460
888336161
889263086
893144360
895794937
898574520
904422186
907163688
918767183
919812131
921233995
921829317
930968709
930991866
934199379
934500082
938280402
940235382
942486643
946422655
947441930
948884356
949529012
953658802
957549871
959543983
965258071
969648438
974006869
974371250
975886176
979256844
979777270
981505277
982324565
984281355
984491526
990571862
993201091
998248412
998800411
999294388
1000929859
1001037889
1003345164
1003388730
1005702055
1008333401
1010775057
1015313357
1015839721
1017249420
1019945573
1023004020
1024422432
1027857671
1030491511
1031264289
1031920646
1035570264
1035963522
1040119011
1041339886
1049561626
1051182657
1056909825
1058197627
1060786283
1061483823
1062659859
1063990703
1064968226
1066858849
1068709772
1069726459
1070891964
1074425532
1076746081
1078080672
1078233215
1079337442
1079753803
1081757513
1082252313
1084960317
1085008335
1085879865
1088085113
1088294223
1091416625
1092141882
1092657102
1093528770
1104259471
1105308849
1109737762
1110100055
1111049341
1114110085
1114728895
1116914874
1121722954
1121801862
1124760362
1130276720
1137368673
1140096525
1141854603
1144744454
1144781217
1146010129
1147192125
1155247817
1155833109
1158468972
1161111514
1162232345
1164696915
1171834223
1172343229
1176188303
1177538157
1177959758
1180575104
1180645210
1183037941
1184656322
1185349871
1188518617
1188935657
1192278593
1197912517
1198958604
1198992982
1199049501
1199635181
1199842160
1207530556
1208412170
1210228335
1211957532
1215069636
1215360804
1215679680
1216148750
1216167591
1218208207
1219023969
1220615209
1222618851
1225954215
1226408865
1228155267
1231943338
1233267747
1236443029
1236666035
1236951936
1238301361
1239224469
1239684248
1241790385
1244425091
1244592886
1245590542
1246092670
1246293945
1248053090
1250137755
1253350484
1253372929
1257111984
1259089622
1266012130
1270410799
1273563834
1276849904
1281438063
1281926425
1284650319
1285260160
1287803846
1290743484
1293407207
1295265736
1297776291
1299314579
1300089359
1301268702
1302167855
1303401889
1307080125
1307195292
1307801712
1312516397
1312622751
1316793038
1323334136
1328251282
1329168814
1330522861
1331392313
1332511831
1332578702
1333145150
1334427494
1334519432
1335344593
1335500746
1336995902
1337024641
1337297932
1341058143
1343654565
1344239785
1344406252
1347924502
1348783898
1349241877
1350092786
1350942054
1351390648
1351553192
1353231399
1354465651
1355706340
1357973150
1358127588
1358982545
1359387381
1359813199
1359819035
1362263794
1363505974
1364610113
1364957621
1364980600
1365241980
1366307666
1375104289
1375275410
1375539318
1377055089
1380460365
1381841039
1381913222
1386208495
1386347893
1388733262
1390025165
1394144316
1396603892
1398631119
1403439949
1404569017
1405643607
1407268681
1411824140
1414647237
1415254481
1418810120
1419143641
1422418893
1428398066
1431494261
1433315840
1436569539
1438575260
1441663325
1443505363
1447206398
1447357398
1448056469
1451099779
1451220895
1451439668
1453239045
1454947046
1455152853
1458157311
1458857008
1464696100
1465453115
1467199559
1470419980
1473027653
1473646899
1475928821
1476482192
1479850405
1481518631
1482744243
1483175035
1485026981
1485435712
1486753688
1487660383
1490005608
1491661885
1496192094
1497190065
1497807044
1498425367
1500735229
1502154836
1505058177
1505986929
1506481106
1511880319
1511895703
1515173097
1521607331
1523840640
1524919149
1526735491
1529706104
1530518773
1530715774
1531686272
1536705799
1539296181
1542185806
1545699241
1548791421
1551166037
1555503381
1556528743
1561218692
1566872701
1570280744
1573257173
1583040882
1584850558
1585944227
1586762124
1587658838
1589855570
1593790705
1594967663
1601016958
1610428726
1611967472
1612478323
1612531281
1614501135
1619039820
1619963625
1621080854
1621951760
1622400143
1623239986
1634418961
1634962350
1635988673
1638568412
1640022433
1640432320
1641983735
1644475513
1646184438
1650241761
1654382187
1655770195
1658182164
1665868435
1670141117
1670451578
1670485211
1671744827
1672318782
1674203238
1676718685
1676777476
1681311885
1681878484
1682533123
1686995172
1692009031
1694790375
1695194611
1696343240
1697803286
1704022665
1706750217
1707635009
1708782881
1711029016
1713694163
1713883471
1714183815
1715035058
1716102712
1716229727
1720946733
1726544816
1727317156
1730630187
1730639200
1739194741
1739332543
1741005243
1741600792
1744527633
1746873570
1747562004
1748282451
1749408218
1750122227
1750816729
1750944659
1753197141
1753386518
1755796814
1758953085
1760427277
1763496894
1764075210
1765140689
1766911025
1767618256
1768726353
1769159816
1772986683
1773630846
1775384030
1776024971
1776477944
1779045256
1779505732
1781387348
1781478271
1783547266
1785796553
1788077656
1788679964
1788988025
1789736654
1790273872
1791224046
1792260284
1793417241
1794254200
1795572739
1797492514
1798623345
1798922572
1800686528
1802327842
1804220449
1806052916
1808626946
1809485392
1809690321
1815436182
1815753259
1815785623
1816206214
1818659576
1819603639
1820158832
1821997594
1825836089
1827033168
1827412348
1828494570
1830315760
1831094999
1831702947
1832901374
1837640928
1838619141
1841422638
1843582668
1845198178
1845601927
1846220031
1849936946
1852066211
1859328766
1860349065
1860984340
1868064242
1868116801
1874919726
1875393539
1879462719
1880122516
1882203905
1895567358
1897001371
1903878510
1906673312
1908301263
1910475815
1911227393
1912788866
1912960366
1914644747
1915070461
1919951943
1922759345
1923308658
1929422331
1931047970
1932463401
1936001349
1936175420
1939223688
1942349023
1955224599
1958227899
1961188627
1962477776
1966406557
1967188560
1970142742
1975106558
1976198404
1976987594
1982974350
1985006193
1986114630
1989958341
2000473041
2003078072
2008240929
2010892963
2011725750
2013089849
2015826308
2018534853
2022000794
2022357006
2022534772
2023800869
2024302878
2026435977
2026889536
2027382355
2030583842
2031439811
2031926407
2033406205
2041135398
2044179517
2046197380
2048828659
2050419935
2054324424
2064152236
2067960250
2067975325
2078486498
2080279494
2080374332
2080813943
2082512168
2083168448
2085357581
2085885972
2085985494
2090932521
2094582459
2095446789
2097475848
2099904771
2103232135
2103438707
2103572809
2104405712
2104530478
2106322725
2109541784
2109606393
2115949178
2116021519
2116972325
2118239833
2121223060
2123872372
2124997821
2127876302
2131516014
2133298949
2134002139
2135060994
2138136495
2140241152
2141542865
2141878135
2142251143
2143592926
2143770759
2144003578
2146015381
