1898396
2504497
7968915
11960283
14086138
16324516
19476035
21016960
21325329
22251523
35081682
35220778
42085441
42433186
42441436
46147848
47128204
47450188
47965210
49027292
50096941
51104502
54072625
54404230
55277838
55813086
56429696
60258388
61589708
67632969
70372942
72581038
73029914
75380577
76784838
78031581
84417463
87776669
88857353
90022959
90176970
93190897
94578929
97206673
98402573
98794170
100623651
103668252
104069097
105821859
106288814
108234394
109735274
110667865
111651781
111911560
113218417
115107267
119350502
120501193
120729252
127917503
132714891
134165148
135028630
135385850
136044780
136943890
142556458
143251207
143731623
145204132
146467491
146483457
147530257
149564980
149722812
150433887
153385165
154098760
154279028
160186627
163891330
165517752
165697763
166207710
167633601
168407132
170318856
170339680
171413241
171438106
172833239
174160816
176810949
177314276
178729251
180971153
181162287
182832610
186304059
186471630
187403653
187721001
189100643
191423277
193187813
193861169
195722483
201893658
202547746
206811150
208909969
209986298
212078796
214743238
215124887
222839387
226893860
227580492
229817377
230952170
234494960
239865795
241721512
242756617
243487801
247169609
253820544
253911575
254062912
256676895
257341330
257359031
257496543
259404498
260347522
264474908
269513803
269744480
270778766
273968753
276953737
278342274
281948100
283771163
284455616
289636221
291644011
292434758
293867762
294046814
298215268
303300309
305699229
305728452
306996214
307374063
309419805
309919931
317431004
317547523
319192483
320513333
324171614
331194712
336947820
337666067
339253499
341359413
342063260
348644048
352133321
353629450
361336753
365284769
366885075
367933766
368049304
369062191
373386364
376352217
377145944
377629743
379352890
382403940
385026151
387892503
393716482
396094803
397499355
401168959
401486947
406679204
411395173
412586091
413025694
413249539
416831770
417255814
418539625
419594476
424748053
428451729
428756059
431524497
432831248
435110326
436185227
441834436
442189426
442966899
443509192
444728599
447119713
450160923
451323636
452294649
453366056
458386527
460872169
463429978
464642561
464806474
466955841
473349698
475540912
476088183
479413481
480836187
481978136
483662065
484018304
484109048
484935562
491974884
492241344
492280855
495510933
503145921
503251143
504232361
504779364
504884143
504960037
507238991
507813599
511582315
512189639
512939999
516669992
516697842
522475037
522520196
522887575
522916755
524300475
524356266
526757488
528127509
534449391
535301049
535835127
539361632
546939890
547355965
550266580
551002547
551223470
551806275
555380082
557403214
559560949
560389691
563975364
564849496
567909758
569848084
570905620
572244172
572720311
576040278
577152562
579945160
590616381
593364608
597611146
599901876
600901863
603284935
604093495
604781149
605830438
608799355
611550169
617470192
621048685
623051261
625799831
626222492
627817176
629547118
630567771
632426708
639155438
639549385
644279847
645071598
645422133
645908640
646694347
652671670
657419263
658268266
660665702
662820265
662861775
668389501
669888334
675475498
675975154
676425553
676439138
678421323
680044747
682722560
684931151
687600310
688460720
688561123
689130712
695735538
698286807
699197532
700513421
706431078
706527051
709979630
710465299
713505080
715077822
715542050
717431047
720914484
723145215
725038213
726009670
728821512
736550974
742862628
743073647
743827216
745324319
748428480
750321565
750860460
751328672
754086290
757048858
758114949
759470439
760471175
764129141
764172715
766263727
766291446
772498854
778876679
779246127
780991645
781202973
789276755
789568291
792679684
795796567
795945031
798840355
803161152
807006719
807887024
808718959
809834438
811462449
811904988
814798766
815180999
820099033
822438892
832474076
834920004
836685065
837321142
837871748
838208098
840568313
842357730
844916845
846138401
848877943
849026236
850044437
851568932
851829580
853477165
854401185
865534999
875886043
877350777
879215952
879902104
885493948
888905663
891189774
895032813
895471601
896976824
901366021
902077133
904423532
909069009
909662376
909883018
916205901
917650169
920518273
921294078
924078465
924397206
925920648
927484012
927971042
928230071
931202337
931382451
936301589
938285736
941389546
942268686
942501257
946245165
949120138
951259150
952149484
954861667
955269564
955991537
959418452
960879030
964091755
965559457
967547368
971462319
972201039
972812024
978601055
979410137
980535321
982039437
982322646
983204135
989324288
990894665
993260364
994465742
995733260
996982235
1001710125
1008913716
1011788737
1012370704
1012908416
1013534827
1018034008
1021584915
1021664907
1022516866
1023554823
1023713893
1024886777
1025742881
1029865240
1034159248
1037624621
1038640075
1041211563
1042948702
1042972723
1044728612
1046747735
1047253088
1051748968
1055438173
1055691954
1057780946
1059360066
1060195257
1067672747
1069275921
1077307700
1078517500
1081705673
1083586121
1084269632
1087347815
1092127093
1095356807
1097841448
1103210423
1104014994
1105524879
1106058179
1110171061
1112072168
1115537650
1116350207
1116478710
1118136844
1122640553
1125506937
1127547259
1131129978
1131589621
1132593013
1136119321
1138656605
1139605058
1144926069
1146346393
1154435945
1155764323
1156541372
1158817761
1163061894
1163825322
1164394710
1165392624
1166770860
1167922434
1169941816
1170609087
1170854312
1171969472
1174633184
1174781818
1176436342
1177246151
1177527881
1180534640
1182751870
1183383495
1185097464
1187384425
1188722070
1189287428
1192381298
1193130998
1194724375
1195391231
1200602161
1206018782
1207310096
1208498678
1209220046
1213436269
1213593142
1214829117
1218396868
1220897530
1221377824
1221573549
1222414620
1224182322
1230901732
1235765305
1236493738
1236613315
1244663263
1244798777
1244866755
1246457204
1254521674
1254729556
1256805497
1257385449
1258682757
1265826078
1266365098
1267245644
1268592999
1271213466
1271814658
1276027538
1276823568
1280345598
1281824774
1282722989
1284206625
1284358443
1284819516
1285507882
1288131096
1290603890
1290891786
1291080885
1291670132
1293754001
1294167086
1295447928
1297929379
1298833154
1299112353
1300497210
1300718805
1301208367
1305853279
1307097091
1308945798
1309045240
1309108312
1310471833
1317998524
1318964563
1325125720
1327650878
1329235042
1332172226
1336549617
1337705806
1339586331
1341687762
1342781030
1343123872
1344900761
1347433842
1351358515
1351837586
1352655244
1352791418
1354533251
1355539951
1357720980
1357785813
1359127383
1360753248
1362879134
1362914901
1365057933
1373612345
1373676179
1376297002
1377941898
1382047618
1383058380
1386533450
1388904478
1388997908
1391829705
1392288940
1396170723
1397612921
1402042458
1404112610
1408075436
1410357129
1417074106
1418666743
1421504148
1422072173
1423132224
1426082120
1429648604
1432033165
1434377083
1441491755
1441591489
1441975438
1445400265
1447138844
1447547856
1450094025
1450162205
1451147451
1451309182
1459630298
1465093621
1467638511
1473214216
1473355626
1475628461
1476970969
1478665177
1480322570
1481028647
1481705452
1482169469
1482747599
1484218415
1488016516
1495525980
1498611945
1501792695
1502123201
1505937390
1508393370
1509029976
1511206007
1511394988
1511757197
1515459843
1516508844
1516881286
1524169505
1525705752
1529325965
1530026868
1531842863
1531929119
1533445107
1534328537
1541897691
1542859062
1547759532
1552045048
1556680700
1557434255
1561218343
1561228146
1561537854
1563696938
1563854928
1568029914
1568812918
1572360221
1573760158
1578986600
1580685535
1581828684
1582017052
1583046768
1584264162
1584640579
1584676915
1584835308
1589599032
1590340258
1594744530
1596099060
1597209140
1601153233
1603422978
1604384379
1606250776
1607008688
1613009751
1617762042
1618024433
1621631595
1626226203
1626482233
1627275083
1628218512
1628363655
1629457497
1630318127
1635632815
1635717243
1638154863
1638701088
1639746119
1642030344
1646265729
1646515097
1649038205
1649288862
1654290366
1657321741
1658413422
1660973293
1661433451
1664774111
1664981391
1665690194
1667515488
1672792539
1675577440
1676657709
1682303087
1683453178
1687950647
1689862211
1691343635
1691736042
1694362144
1696429276
1697527330
1702597784
1702970928
1703951964
1710308224
1714302783
1717365684
1718022245
1718661171
1720175436
1720383051
1721875707
1723499767
1723561561
1724240870
1724990464
1726386647
1727276097
1728221893
1728427901
1730359021
1730376008
1732953999
1735441781
1738063307
1739243654
1740596866
1741308234
1743496229
1743599397
1746388471
1747666310
1752714900
1753744542
1754913342
1764416874
1765596034
1765885764
1766350991
1770583274
1771357067
1771539010
1778174256
1778259436
1778379054
1779780992
1781815278
1781829670
1786929264
1787479758
1789791507
1790858965
1791947756
1794760269
1803126794
1804474487
1807165815
1808124754
1809366498
1809742532
1810229810
1810248833
1821411089
1826480965
1832849457
1835286616
1837186241
1841024503
1841570514
1844171096
1845052453
1845483954
1849126831
1849397795
1849593063
1854215504
1857514034
1863276145
1864245673
1866321276
1871958012
1871975596
1872554169
1875723791
1881641820
1882237800
1883248847
1884745274
1884844949
1886113113
1888608537
1889503247
1890412671
1892028548
1893832151
1893944160
1897871347
1912393635
1913053225
1915780096
1917106552
1918162659
1920357077
1920960229
1924354152
1925768533
1926335203
1928240201
1932519101
1935545031
1937016722
1938947594
1939016266
1941229509
1944265782
1944912822
1945983585
1946929449
1948865980
1951983051
1966061060
1967126890
1967173949
1968468862
1969748785
1970571481
1972362049
1972716927
1975352780
1982556650
1983312050
1987278562
1990334184
1994665721
2002211409
2002695428
2004342270
2004904225
2010283941
2018946585
2024599152
2024660825
2025195632
2026471805
2027031578
2029447700
2032584066
2035014339
2035378699
2038792880
2040384140
2044025858
2048389942
2050537602
2052513301
2052557934
2053325700
2053429081
2053489556
2057044792
2057912129
2059782474
2060398173
2066870790
2067389961
2067903534
2068173461
2070581599
2071696406
2079708302
2080788857
2083045860
2085852019
2086192988
2088694041
2089968811
2091936224
2093055131
2094625775
2095255164
2096323396
2097517315
2097717799
2100203542
2100794988
2104806289
2105017168
2105188690
2106932261
2107410990
2108646900
2109504806
2110833100
2112663523
2113228505
2113531968
2114701156
2116374382
2117402706
2117652932
2123310158
2127043177
2128665839
2129632663
2138445308
2139987062
