419898
2251650
4292105
6249357
8718491
10591997
11683489
12173225
14792385
19655657
21688184
23166104
24365657
25216350
30076199
30221733
31062208
31389018
31814712
35382081
36773932
47258463
47429542
49705141
51111057
51895642
66359364
67444685
69771299
69852570
72575855
74536055
76873335
81273640
84234685
86844368
88936924
92541256
92855191
95509515
96013079
98574370
101626239
105213544
105495443
106412315
106578099
107189787
110578262
111198954
111952845
113217656
113722555
114263356
118464564
120151031
127293591
130293331
130742508
131560261
135429878
135686874
136436981
144106454
145383393
147309333
151545255
155447244
161537846
165896321
166467988
169447920
170534180
171915850
172175912
172911421
175628595
178633150
179093070
181080410
182104079
183248203
184903617
187651582
187788164
189414494
189640220
191520185
193955181
195569392
195823044
198174064
200473314
201020423
201385368
208955563
209357046
210095358
211123462
214651308
217816695
218220480
220084291
223610873
224003635
225492182
225919571
229270035
231882421
234573658
236119054
236525405
239736488
240044395
243272251
244931641
245634112
248119206
248391174
249652304
254210886
255953676
256748295
261077979
265845066
266253710
269356084
271077960
272984585
273853785
275038307
275856021
279111742
279141901
281757928
284096183
286812952
287732409
290251238
290260254
290680886
296611464
298910911
303159891
304054261
306621908
308301860
314177678
314406374
315125104
316586379
320478661
321771097
329712178
331694412
332562110
334093545
339013510
342973989
344505698
346941137
347875518
351283335
351400780
353460918
354880080
355980061
357556969
359479725
359636384
360998023
361510289
361948123
365445545
370003772
372634926
376290057
377293732
387460867
390953477
391004240
395791143
395868751
396075795
399884014
401317910
402580331
403687591
405872621
412880210
414981510
417445392
418069481
425465393
429965287
431879357
434123071
434259809
439974063
440998793
443449514
443578829
459058778
459432896
460011178
461759651
463980559
464532778
465161727
466739446
470059356
475246268
480259500
482586890
485218970
491353974
493240493
496935168
497464874
497536180
501559827
502790241
504069302
505987273
506912724
508322985
513491639
513561075
517724575
518044690
523263694
525947079
529671525
531506320
532628969
533882405
537364897
540627422
541560653
545735446
546270056
547010240
547247914
547370593
548485660
549865701
552216222
553811507
555399458
556510003
558472630
562729164
564139655
566273819
566883638
567862031
569188633
571832044
571945174
572819887
573843874
576878356
584446110
585751275
586465742
593473266
593586130
600626242
603108974
603345533
606088431
606090866
608132856
609566238
610046988
611028358
611247718
611320736
612949426
613804050
614224329
614524619
614774745
621587954
622091097
623988627
625790284
626501445
628502232
628790513
631205785
632193246
633626369
639827749
643004133
643320048
645871315
646081221
646739707
651122270
651581007
652469786
655325244
655606234
656641077
656859038
658169821
659904952
668240267
672189860
672226036
677881224
680520621
681010340
684210232
686058367
690098947
690484517
694461129
696018065
706817907
709040990
710925942
712347067
715609587
715872051
719164665
729824202
731642259
738299547
740497722
742243354
743273426
743749837
744107093
744510184
745704091
745914714
748984433
751032065
751091769
751875065
755815527
756915991
757817955
758026013
760090819
763296463
773893742
774385684
774903669
780384496
782699508
783279516
785693241
785993576
790898631
791843183
793762242
794716392
800733677
801917849
802834881
812886630
813743130
815661362
819093026
820616305
831430844
832019548
832751627
834011841
839330761
840798934
842697914
842835353
851830691
857880220
859588156
861071502
865286478
869295916
869603860
870235009
873947242
876501064
877479289
878399892
878486581
879387652
882062565
882780367
884373965
885808510
899056178
900648154
904239064
905196272
905667490
905842704
906380454
907416841
908950850
909519018
910681673
912604797
912867001
912971925
915494779
918512089
918635804
924199694
925209671
925714356
926009854
926257861
926762746
928717633
928737880
931217470
931599856
932511639
938229133
938908868
942121196
943387746
944992527
945586697
946014071
947016167
948400400
948653557
957116230
958257101
958261831
962559339
963937079
964766386
969915773
970438507
970703666
972337736
972343083
972796538
973000459
973080970
974198985
975230541
975313498
975579277
975644523
979482170
981135715
983830619
985272953
986752545
989838703
989954931
991530791
992358573
993985960
998409555
999845452
1008191720
1009762115
1013322096
1014234719
1019583759
1022119135
1024185735
1024206274
1026511584
1026850103
1029544753
1032263210
1034609592
1037739389
1041225445
1041501547
1042721567
1043777075
1046111435
1046181838
1048776784
1049468532
1050168554
1050798422
1054028837
1054247141
1058134296
1059819934
1066413110
1070751082
1073684598
1079821131
1084607154
1085658336
1085733304
1090164624
1091093829
1093078275
1094297834
1096628679
1100080475
1101737171
1102868596
1104508683
1107808152
1109981930
1111618303
1115982838
1120917150
1120966442
1122851133
1126185076
1126310712
1128938347
1130525839
1132670609
1134356914
1134424513
1139845890
1141894766
1147265187
1151241542
1155394856
1162344243
1164262520
1164371268
1168663428
1169615610
1173157155
1174208618
1177387119
1181913602
1183241287
1184017405
1187727297
1189524886
1191466298
1194458433
1197052733
1202499530
1204411069
1204940978
1209332673
1212533809
1212558366
1214205688
1218048887
1220911891
1222808293
1223089507
1223677105
1229125847
1233852643
1237491904
1238478435
1239592043
1252019545
1252953304
1259275469
1261715156
1263039961
1263685289
1270206487
1270448384
1271520950
1272181814
1272568845
1272910036
1274937442
1278323454
1281654505
1282256071
1282919792
1284122194
1284791434
1287726708
1289819160
1289891169
1290689302
1292038502
1292628563
1293343892
1294144699
1294377936
1297128264
1297643086
1299343001
1300507858
1304505438
1304885642
1306524924
1312371176
1313567219
1313640266
1315681488
1317194729
1318164064
1320225187
1322586836
1323088244
1327114652
1333549399
1336259551
1337887549
1339518082
1340546595
1341905509
1346783314
1349290168
1349554005
1354144878
1355886790
1356050488
1359146762
1362545470
1362886896
1365826302
1370954044
1372218100
1372469498
1372633864
1374291835
1375845774
1376368414
1377077353
1383589823
1386402764
1387877326
1387901726
1389723230
1392638043
1393096414
1398674696
1404743229
1404921814
1405946073
1408217440
1409540974
1410635570
1410821293
1411393196
1416975156
1417219985
1418156198
1419489079
1420159698
1421732011
1424220403
1424778162
1426986566
1429883829
1430985575
1432392333
1433645059
1434782207
1437480121
1439852332
1440301213
1444795819
1445838144
1447227654
1448783409
1451857699
1451896663
1453002901
1455177357
1458148902
1458170663
1461191093
1464395366
1465129475
1468726641
1468999903
1475110576
1475133537
1475159018
1477871074
1481301681
1482765876
1483890885
1484972107
1486072728
1486517619
1490494656
1490791528
1491704269
1493293081
1499410852
1499878455
1500637628
1502194905
1506286125
1506827423
1511980396
1519244365
1520201365
1526724764
1527509821
1527988566
1528494192
1531168365
1533058377
1533165377
1534673683
1536247360
1539560925
1544067415
1550278234
1552108394
1554177824
1554817049
1560539785
1564812902
1568520339
1571213636
1571401714
1572014203
1581138603
1583207070
1583401480
1587957557
1588016174
1588414957
1588572145
1591124994
1592432735
1594135067
1597599651
1597904318
1599497572
1599961580
1602611766
1608228756
1608927814
1613662577
1613672039
1615341511
1616712008
1618933276
1619853216
1622067063
1628377618
1632181506
1632229864
1634760744
1638588240
1638839160
1639621822
1641374381
1642232367
1647719509
1648456729
1654995290
1655285309
1656088211
1661096609
1663149879
1664683027
1665215994
1667697266
1668283870
1669921471
1670283813
1671155562
1673469340
1676160193
1682224160
1683586329
1684797582
1685754839
1685949566
1686124577
1688237939
1694676935
1694866891
1695550321
1697010443
1703240132
1711616669
1712514089
1713790626
1714836761
1715504073
1716909812
1717667269
1717849174
1722241505
1722251953
1725702752
1726550659
1728232351
1728780222
1729533277
1730993800
1731288318
1731668435
1742935066
1743538517
1745955020
1746224528
1746766001
1752409528
1753416413
1755234092
1756511392
1757575195
1759570648
1762872471
1763047875
1763196606
1763906086
1764615280
1765383901
1765384422
1766220472
1769779512
1774305989
1776839267
1779710364
1783102209
1787629208
1787932762
1789450498
1790634461
1790911117
1791451487
1794064512
1794577196
1794724317
1795468083
1798377237
1800429517
1803765922
1803830110
1803904684
1804027780
1805208198
1805857185
1810751659
1811736279
1818686396
1818938826
1820186142
1820374054
1821074979
1821204467
1821229130
1821742199
1823799288
1825408901
1826112825
1830377027
1832709182
1834523036
1835741990
1836545858
1837052556
1838045309
1840711809
1841250444
1842742626
1844055937
1846977761
1847367738
1847831724
1848684919
1851461790
1851521898
1853346734
1855117244
1856999934
1858560098
1864036076
1869429820
1870710737
1873736415
1874764679
1874870004
1876254997
1877021931
1877025125
1877258929
1879590078
1883496369
1893923186
1898804456
1899049157
1904710504
1911462570
1911530973
1912437278
1913226085
1914250911
1922177306
1923712823
1924319179
1926034525
1926798387
1927269711
1928380269
1928656740
1930321742
1932908666
1933520605
1933527298
1936037746
1936739489
1939609158
1940678028
1941419556
1947453923
1949246089
1951662476
1953728043
1959506631
1959951064
1961148795
1967125958
1973516081
1974690416
1977815143
1979656874
1981989711
1982810425
1983271926
1984777373
1985096450
1987422635
1989215269
1991611037
1992102057
1993271303
1996130979
1997216739
2008438989
2008573268
2009141851
2009363809
2011049273
2011942153
2013943495
2014517003
2014690002
2015342316
2018135391
2018740562
2019191321
2019490243
2023379230
2025075666
2027819183
2030899387
2035747234
2036665823
2037700063
2042111843
2042434721
2044089852
2050644569
2052329763
2067918519
2068342975
2070714144
2072034568
2072594693
2074624394
2074757830
2075768231
2077572261
2078198546
2080778933
2081308429
2083948297
2095742250
2095837724
2098435870
2100629902
2103979805
2105324214
2109642424
2110899506
2111840798
2113641795
2114870829
2115131231
2115616612
2119132478
2119500129
2120770114
2121332937
2125880806
2127415314
2133920128
2134461957
2139346984
2143571414
2146852355
