2640670
6108904
7984831
11511369
14614903
18118290
18480064
19250665
20027068
27787311
28683088
31239283
32445195
32500042
35829690
35991421
44155110
45250477
46505221
49043086
54139123
55516158
56291462
57111071
58336458
59990341
61149883
63327869
66176221
66851515
66890138
69532862
71744381
76142599
77430478
77770527
78092829
80912192
81972047
82292931
86925398
88687294
89902530
92922863
93652131
94599342
94856799
95269436
95480261
96986417
97230096
99650940
104505285
107605014
107722536
107882359
109383954
110622446
113645797
115084826
115232960
117036454
117058173
117747745
117822649
120113188
120592121
123641242
124318784
125190438
131669001
132144031
138076863
143779837
157887231
158228099
160961096
163948131
165676940
167802707
169078906
170113046
170833872
174136423
174198280
175910971
178461752
180816845
183052394
184265118
184521253
185835932
193775077
198050553
199788419
204222910
204380110
204614583
207219075
209640233
210646434
211202850
212015288
213699240
214321748
215205368
215766970
218127860
220842832
221740846
222384248
224000562
226256715
234118933
235006480
236481295
237581641
238612343
250999014
252141204
253633138
254718616
255879128
257048713
257495012
258670465
259446543
260249721
265339209
269813397
271086040
271304394
272419252
274181301
274793041
275278339
275313532
276518576
277879010
282312903
283317641
290048564
291956854
292046688
293094724
299353410
301692959
301960476
303364348
304489880
306675748
309192618
310600858
313004352
313175974
315247680
315555901
316735452
317008870
319086867
319492773
320357591
326968453
327002763
327577557
328064612
328710044
329384643
329452552
333765863
336239524
337127019
337251859
338543836
340505746
341114973
343119315
344230331
344671346
346032011
346711840
347299647
353182296
353385473
355114349
357843901
360699607
362413291
363801967
365988049
366328896
366756933
370344984
373731838
373732717
373744734
374292801
375573477
376815548
380732707
393668686
395202886
397733761
399697986
399805012
402788296
403034320
404523536
404673110
404792246
405871005
407707666
409273993
409424978
411893196
413820867
414773167
418220443
423264255
436271666
437782620
438088966
439465224
441476594
443410122
446638019
455940161
455993354
457332800
460068007
463560947
467435538
470629568
470848941
479812609
481871219
485207458
488628682
489009480
489247443
496221578
496559821
497246443
502356694
502484052
504237680
508528908
511234584
516958007
518418858
520176721
521269820
524271945
524785068
525089251
525600611
527527227
528246594
531482527
531786762
532650821
533519718
533716360
533947072
534062393
539117979
543108660
543450674
545590389
545862271
548087057
548396987
548923517
549239480
549808630
551390862
551799668
556098832
556304525
558771669
559459305
560411810
561724691
566342674
566462318
567667302
568769425
577982267
578470598
581360872
582441947
586845135
588227684
588308161
588617584
588999543
589005348
590902106
594158428
594649887
596834000
604171910
605070645
605501023
605707718
609551272
610091974
614068038
617127755
625517794
625665364
626307110
628753691
629474624
634393602
635437614
638025128
644483456
646865627
648744896
651931169
652266740
652351369
653465407
653949480
654124484
656978716
657475222
657728651
658631317
665575043
666284226
667506043
668000258
668284431
669682959
670501907
672447642
673577467
680551139
680991253
688475530
688877475
690180614
693906440
694909633
695580464
695757711
696870617
697540939
702609645
705167377
706951889
707198564
720021872
722366360
724590527
730281099
737171475
744774760
746311803
748346888
751980097
752216698
754904907
758218598
759504344
762428427
764633431
767359556
767673085
767974535
773314858
774248584
775542617
776711201
778938483
779857182
781192629
789229965
792552699
793242214
794435528
796112531
802417153
803282087
804937881
805689752
805706041
807820782
808989406
809478535
812735010
814994423
816558945
818358364
819538963
822794967
825354719
826464229
828132497
832522270
834280829
834397138
835977634
836815555
837161740
846603508
849178849
853735408
858013178
862540514
864489257
865060300
870938218
871340203
873798414
875337679
875739156
879381348
879468349
882545590
883349694
886338947
889120672
890873413
891352631
892082589
894178670
895056728
895757735
896199498
901413595
902476825
903286386
903855347
908719604
910177554
911637695
914271177
917805032
923267935
923802928
924547617
925490606
931547032
931947996
934209345
938809990
939086800
939131184
946046524
946606212
950019777
954657796
957188817
959398974
960566795
965388288
965977485
966960233
967603727
968392113
969792115
971291275
971994846
972324774
972388859
980537082
982649780
986526413
987574258
989597386
989734733
990510356
1003518198
1005679852
1005918311
1010965933
1011720788
1012068057
1014608354
1017147421
1017384578
1026006556
1026362620
1031536456
1031947547
1034081233
1037386863
1040323088
1041584498
1041612540
1042003331
1044560879
1045748691
1047829765
1049002505
1049881827
1050468896
1050480172
1051244925
1051748108
1052164708
1052619513
1052743397
1055339647
1056229814
1057068503
1057129646
1057696996
1062760569
1065052993
1065386143
1065918163
1067807336
1068279109
1069455606
1069485500
1075560446
1079426088
1083250635
1083659335
1086356029
1087114601
1087261970
1087830744
1088601985
1089676711
1092351665
1103414326
1109771694
1113468427
1113554057
1120798874
1120870641
1121674201
1122616991
1124241014
1126244791
1127916263
1131138079
1131901343
1134734124
1136281094
1139886260
1139886675
1141805016
1143331171
1143707491
1143894476
1145111693
1148204611
1149132569
1149805172
1150649712
1153911328
1160850188
1164736034
1165440848
1167176202
1169228966
1170249402
1172085697
1173479400
1179243458
1182871880
1183225554
1189839068
1190157217
1190766851
1191076053
1191412035
1192510287
1192534115
1195391084
1197797154
1203801548
1206701335
1208306574
1210788124
1213734701
1221748870
1222070749
1223270860
1225361067
1226874627
1228431103
1230970277
1231232314
1233075555
1239042375
1241396298
1242343416
1245607030
1246762254
1248900315
1250143740
1251712028
1259250924
1259918478
1261100326
1262632330
1271566881
1277007126
1278305712
1278855140
1281565982
1283264843
1283517519
1284386871
1287002205
1295051229
1298243002
1301769424
1306402051
1308371875
1309657961
1310817869
1311334342
1317031772
1317060145
1318093837
1327017872
1327311814
1328232507
1330129445
1330258993
1335259199
1335609156
1336494921
1337609373
1341915215
1343267529
1343761960
1343949881
1344527194
1345831685
1347089018
1347106248
1349150891
1350739701
1351897958
1352626823
1355180194
1355825059
1356790480
1356799037
1360480395
1362097024
1365003454
1366842841
1369947496
1371541262
1372757457
1374390751
1374525797
1375497681
1380034491
1382692339
1384010436
1384246735
1387309646
1392756649
1393524068
1394138688
1396068627
1403223186
1405081033
1410903664
1415784562
1416302637
1418556116
1419189913
1421667645
1421864449
1423379605
1428540745
1428551821
1430184532
1432067750
1434802322
1436765912
1438075964
1440187707
1443068654
1448851154
1455726675
1457881070
1459408304
1461182032
1463831396
1464907940
1464933450
1466510276
1466739219
1468387372
1469258078
1475457847
1476692561
1477783793
1477837036
1479634308
1485497368
1485684285
1485828181
1487901636
1491119641
1495388282
1502448498
1507395949
1508954955
1512450509
1514756686
1517760078
1519494652
1523277363
1525051131
1526243823
1526956882
1527702219
1530657580
1530951474
1535262683
1535385785
1537389003
1539184460
1545399830
1546486599
1550214951
1550507851
1557360756
1557595992
1563190178
1563285237
1570084054
1571700609
1574559123
1575647998
1584871598
1585987365
1586056206
1587482944
1587654405
1591228899
1591473514
1595413238
1596233514
1596820104
1598191325
1599691729
1603696043
1610908379
1611549066
1614795316
1614797670
1615968394
1616056023
1617036752
1620822136
1627850585
1628105274
1638222637
1641318150
1641863145
1643027497
1643210843
1644506712
1645615824
1648733616
1649333870
1650553815
1650959047
1651731201
1652391289
1652478338
1658095267
1658648182
1659406595
1659823834
1660001738
1660754813
1661984740
1663748360
1668017195
1669229868
1670610564
1671112510
1676887929
1679831167
1680633588
1683072492
1687607481
1689152389
1689201053
1691879182
1696378115
1697273845
1699811577
1699848811
1699947243
1701998804
1708645227
1711762650
1714687551
1714698526
1715907386
1717670098
1718905803
1720116816
1720149084
1720373102
1721041492
1721279724
1723770472
1725888479
1726460188
1728876240
1729017883
1733201466
1736020020
1739633399
1740051013
1740355555
1740618119
1741583671
1742211663
1744070444
1746402167
1747315459
1747585059
1750548270
1752106637
1752518852
1755861512
1757349759
1764970674
1768568580
1769221770
1769664605
1771451189
1775654303
1776497712
1779548741
1780909601
1785997581
1786187606
1794833970
1796155176
1797066839
1801909784
1802199934
1802407238
1811700406
1812703092
1813836284
1818879059
1820040861
1821636708
1826060596
1827612874
1827894952
1837309153
1837388633
1837592773
1838134147
1839727039
1842109123
1842562001
1843741397
1846126959
1852965512
1855067389
1855924874
1859348997
1860863219
1861276921
1861452424
1861761938
1863023697
1863210584
1864632941
1867367827
1867646922
1867715992
1869908532
1872623017
1878174075
1882409748
1883358196
1890564892
1891843312
1894696604
1895212309
1897850902
1898631304
1902336582
1902447320
1903923338
1908264498
1909299654
1913442321
1920677302
1920833502
1926185396
1933341093
1936981492
1938673274
1941273895
1941871534
1943587567
1944981798
1945984929
1948732158
1949262639
1955218372
1957974541
1960708799
1961763610
1964825099
1966214867
1968346534
1974546826
1974700848
1975668451
1975891428
1982590831
1983637414
1989111809
1991265553
1993029674
1996716657
1997872230
1998339766
2002332024
2007925343
2010357286
2011565827
2011992683
2018408953
2027523122
2028673357
2029065501
2035253393
2039241318
2039655253
2041326797
2042076355
2042103462
2042679722
2043315106
2044045082
2045769789
2046680011
2048805840
2049728299
2049904134
2051757734
2053336113
2053543740
2055831232
2056918518
2058651752
2060653767
2066195430
2068817438
2071697804
2073413171
2076132828
2076685486
2079443015
2083590791
2084006448
2084145373
2088063735
2088760095
2091361142
2094170611
2095359591
2095620545
2102400307
2114028873
2119100480
2119894807
2120080828
2120487685
2122042207
2122146475
2122217220
2125498575
2125578878
2129978880
2130995037
2135166225
2139258871
2139972842
2140241540
2144445106
2145648560
2146437311
