0 268435456
190 335544320
216 268435456
239 335544320
282 268435456
289 335544320
330 268435456
337 335544320
399 268435456
407 335544320
501 268435456
512 335544320
581 268435456
590 335544320
653 268435456
661 335544320
699 268435456
700 805306368
1241 268435456
1323 335544320
1443 268435456
1454 335544320
1525 268435456
1536 335544320
1611 268435456
1621 335544320
1690 268435456
1701 335544320
1781 268435456
1791 335544320
1873 268435456
1883 335544320
1947 268435456
1958 335544320
2030 268435456
2030 805306368
2707 268435456
2783 335544320
2921 268435456
2931 335544320
3004 268435456
3015 335544320
3083 268435456
3093 335544320
3165 268435456
3175 335544320
3258 268435456
3268 335544320
3347 268435456
3357 335544320
3423 268435456
3434 335544320
3513 268435456
3514 805306368
4357 268435456
4401 335544320
4580 268435456
4591 335544320
4675 268435456
4685 335544320
4760 268435456
4771 335544320
4854 268435456
4864 335544320
4946 268435456
4956 335544320
5030 268435456
5041 335544320
5116 268435456
5127 335544320
5195 268435456
5196 805306368
6076 268435456
6136 335544320
6243 268435456
6253 335544320
6321 268435456
6331 335544320
6436 268435456
6447 335544320
6520 268435456
6531 335544320
6606 268435456
6617 335544320
6693 268435456
6704 335544320
6775 268435456
6786 335544320
6863 268435456
6863 805306368
7752 268435456
7822 335544320
8025 268435456
8036 335544320
8116 268435456
8126 335544320
8209 268435456
8220 335544320
8293 268435456
8304 335544320
8385 268435456
8396 335544320
8475 268435456
8484 335544320
8569 268435456
8579 335544320
8659 268435456
8659 805306368
9587 268435456
9665 335544320
9835 268435456
9845 335544320
9929 268435456
9939 335544320
10027 268435456
10037 335544320
10114 268435456
10125 335544320
10207 268435456
10218 335544320
10301 268435456
10312 335544320
10387 268435456
10397 335544320
10481 268435456
10482 805306368
11491 268435456
11565 335544320
11817 268435456
11827 335544320
11908 268435456
11919 335544320
12000 268435456
12011 335544320
12097 268435456
12107 335544320
12183 268435456
12194 335544320
12277 268435456
12288 335544320
12369 268435456
12380 335544320
12460 268435456
12460 805306368
13450 268435456
13450 4563402752
15922 268435456
