0 268435456
97 16777216
172 268435456
208 16777216
289 268435456
328 16777216
422 268435456
465 16777216
561 268435456
615 16777216
712 268435456
752 16777216
851 268435456
894 16777216
983 268435456
1027 16777216
1118 268435456
1118 16777216
2262 268435456
2331 16777216
2452 268435456
2533 16777216
2668 268435456
2760 16777216
2897 268435456
2993 16777216
3125 268435456
3247 16777216
3377 268435456
3439 16777216
3559 268435456
3643 16777216
3779 268435456
3854 16777216
3976 268435456
3977 16777216
5052 268435456
5128 16777216
5249 268435456
5319 16777216
5451 268435456
5528 16777216
5651 268435456
5734 16777216
5861 268435456
5933 16777216
6053 268435456
6130 16777216
6250 268435456
6308 16777216
6420 268435456
6494 16777216
6608 268435456
6609 16777216
7704 268435456
7789 16777216
7911 268435456
7979 16777216
8104 268435456
8177 16777216
8296 268435456
8370 16777216
8488 268435456
8558 16777216
8692 268435456
8770 16777216
8898 268435456
8972 16777216
9095 268435456
9174 16777216
9292 268435456
9292 16777216
10357 268435456
10436 16777216
10562 268435456
10640 16777216
10770 268435456
10844 16777216
10978 268435456
11058 16777216
11190 268435456
11272 16777216
11399 268435456
11467 16777216
11596 268435456
11705 16777216
11810 268435456
11880 16777216
12012 268435456
12014 16777216
13107 268435456
13183 16777216
13312 268435456
13394 16777216
13527 268435456
13605 16777216
13744 268435456
13812 16777216
13934 268435456
14012 16777216
14145 268435456
14221 16777216
14336 268435456
14398 16777216
14527 268435456
14603 16777216
14726 268435456
14726 16777216
15779 268435456
15866 16777216
16016 268435456
16098 16777216
16225 268435456
16304 16777216
16437 268435456
16532 16777216
16668 268435456
16731 16777216
16856 268435456
16935 16777216
17061 268435456
17120 16777216
17256 268435456
17332 16777216
17457 268435456
17457 16777216
18569 268435456
18649 16777216
18787 268435456
18882 16777216
19015 268435456
19087 16777216
19213 268435456
19296 16777216
19420 268435456
19504 16777216
19631 268435456
19703 16777216
19833 268435456
19908 16777216
20034 268435456
20110 16777216
20227 268435456
20227 16777216
21358 268435456
21358 16777216
