0 67108864
21 4194304
36 67108864
39 4194304
51 67108864
55 4194304
71 67108864
75 4194304
92 67108864
95 4194304
112 67108864
117 4194304
133 67108864
138 4194304
155 67108864
158 4194304
185 67108864
185 4194304
339 67108864
347 4194304
360 67108864
367 4194304
376 67108864
382 4194304
394 67108864
398 4194304
408 67108864
411 4194304
427 67108864
432 4194304
442 67108864
448 4194304
458 67108864
463 4194304
478 67108864
479 4194304
601 67108864
609 4194304
619 67108864
625 4194304
646 67108864
657 4194304
669 67108864
675 4194304
685 67108864
692 4194304
702 67108864
709 4194304
718 67108864
726 4194304
746 67108864
753 4194304
767 67108864
767 4194304
894 67108864
901 4194304
913 67108864
916 4194304
935 67108864
942 4194304
955 67108864
961 4194304
972 67108864
977 4194304
990 67108864
997 4194304
1018 67108864
1023 4194304
1034 67108864
1041 4194304
1051 67108864
1051 4194304
1171 67108864
1178 4194304
1192 67108864
1197 4194304
1208 67108864
1217 4194304
1227 67108864
1232 4194304
1241 67108864
1246 4194304
1257 67108864
1267 4194304
1279 67108864
1281 4194304
1298 67108864
1303 4194304
1317 67108864
1317 4194304
1433 67108864
1437 4194304
1451 67108864
1459 4194304
1468 67108864
1475 4194304
1497 67108864
1502 4194304
1511 67108864
1519 4194304
1530 67108864
1535 4194304
1555 67108864
1559 4194304
1573 67108864
1579 4194304
1591 67108864
1591 4194304
1712 67108864
1719 4194304
1735 67108864
1743 4194304
1759 67108864
1764 4194304
1777 67108864
1783 4194304
1793 67108864
1798 4194304
1814 67108864
1819 4194304
1828 67108864
1830 4194304
1852 67108864
1858 4194304
1868 67108864
1869 4194304
1994 67108864
2001 4194304
2013 67108864
2017 4194304
2027 67108864
2034 4194304
2043 67108864
2052 4194304
2061 67108864
2072 4194304
2084 67108864
2087 4194304
2106 67108864
2111 4194304
2126 67108864
2132 4194304
2152 67108864
2152 4194304
2290 67108864
2290 4194304
6530 67108864
