0 67108864
10 4194304
14 67108864
15 4194304
25 67108864
28 4194304
36 67108864
38 4194304
46 67108864
47 4194304
55 67108864
56 4194304
64 67108864
66 4194304
71 67108864
74 4194304
79 67108864
79 4194304
178 67108864
183 4194304
188 67108864
192 4194304
199 67108864
201 4194304
208 67108864
209 4194304
218 67108864
222 4194304
226 67108864
231 4194304
237 67108864
243 4194304
250 67108864
252 4194304
259 67108864
259 4194304
320 67108864
321 4194304
330 67108864
333 4194304
339 67108864
343 4194304
350 67108864
352 4194304
361 67108864
367 4194304
374 67108864
378 4194304
387 67108864
390 4194304
399 67108864
401 4194304
406 67108864
407 4194304
471 67108864
473 4194304
479 67108864
481 4194304
488 67108864
489 4194304
496 67108864
499 4194304
504 67108864
507 4194304
512 67108864
515 4194304
522 67108864
527 4194304
538 67108864
539 4194304
547 67108864
548 4194304
606 67108864
610 4194304
618 67108864
624 4194304
628 67108864
633 4194304
640 67108864
645 4194304
649 67108864
654 4194304
659 67108864
662 4194304
672 67108864
674 4194304
679 67108864
685 4194304
690 67108864
690 4194304
749 67108864
754 4194304
762 67108864
765 4194304
770 67108864
771 4194304
783 67108864
784 4194304
791 67108864
796 4194304
801 67108864
804 4194304
810 67108864
815 4194304
823 67108864
823 4194304
829 67108864
829 4194304
902 67108864
904 4194304
909 67108864
913 4194304
917 67108864
922 4194304
927 67108864
932 4194304
937 67108864
941 4194304
948 67108864
950 4194304
954 67108864
958 4194304
963 67108864
964 4194304
969 67108864
969 4194304
1031 67108864
1035 4194304
1040 67108864
1043 4194304
1048 67108864
1051 4194304
1055 67108864
1063 4194304
1070 67108864
1077 4194304
1082 67108864
1085 4194304
1090 67108864
1092 4194304
1096 67108864
1100 4194304
1109 67108864
1110 4194304
1165 67108864
1165 4194304
2519 67108864
