0 67108864
21 75497472
36 67108864
38 75497472
56 67108864
58 75497472
75 67108864
76 75497472
93 67108864
95 75497472
113 67108864
114 75497472
133 67108864
134 75497472
153 67108864
155 75497472
173 67108864
173 134217728
315 67108864
316 75497472
330 67108864
337 75497472
362 67108864
366 75497472
380 67108864
383 75497472
399 67108864
402 75497472
417 67108864
420 75497472
443 67108864
445 75497472
459 67108864
462 75497472
478 67108864
479 134217728
625 67108864
630 75497472
644 67108864
649 75497472
665 67108864
667 75497472
682 67108864
686 75497472
702 67108864
705 75497472
721 67108864
724 75497472
743 67108864
747 75497472
759 67108864
763 75497472
774 67108864
774 134217728
921 67108864
922 75497472
934 67108864
936 75497472
952 67108864
955 75497472
980 67108864
984 75497472
1006 67108864
1010 75497472
1024 67108864
1027 75497472
1039 67108864
1043 75497472
1052 67108864
1057 75497472
1070 67108864
1070 134217728
1221 67108864
1222 75497472
1233 67108864
1237 75497472
1256 67108864
1260 75497472
1270 67108864
1276 75497472
1291 67108864
1295 75497472
1309 67108864
1313 75497472
1328 67108864
1333 75497472
1347 67108864
1352 75497472
1374 67108864
1374 134217728
1519 67108864
1520 75497472
1532 67108864
1534 75497472
1548 67108864
1552 75497472
1576 67108864
1579 75497472
1594 67108864
1598 75497472
1615 67108864
1618 75497472
1631 67108864
1636 75497472
1650 67108864
1653 75497472
1664 67108864
1664 134217728
1805 67108864
1812 75497472
1830 67108864
1833 75497472
1850 67108864
1854 75497472
1869 67108864
1872 75497472
1889 67108864
1894 75497472
1909 67108864
1912 75497472
1924 67108864
1929 75497472
1953 67108864
1956 75497472
1971 67108864
1971 134217728
2129 67108864
2130 75497472
2141 67108864
2144 75497472
2159 67108864
2162 75497472
2174 67108864
2179 75497472
2190 67108864
2194 75497472
2207 67108864
2213 75497472
2229 67108864
2233 75497472
2249 67108864
2253 75497472
2277 67108864
2277 134217728
2424 67108864
2424 603979776
3486 67108864
