0 67108864
10 71303168
15 67108864
15 71303168
21 67108864
21 71303168
28 67108864
29 71303168
34 67108864
36 71303168
41 67108864
42 71303168
46 67108864
47 71303168
54 67108864
54 71303168
60 67108864
60 100663296
111 67108864
114 71303168
122 67108864
123 71303168
129 67108864
130 71303168
136 67108864
137 71303168
143 67108864
144 71303168
151 67108864
152 71303168
158 67108864
159 71303168
166 67108864
167 71303168
174 67108864
174 100663296
231 67108864
232 71303168
238 67108864
239 71303168
245 67108864
246 71303168
252 67108864
253 71303168
259 67108864
260 71303168
266 67108864
267 71303168
274 67108864
275 71303168
282 67108864
283 71303168
289 67108864
289 100663296
343 67108864
347 71303168
354 67108864
355 71303168
362 67108864
363 71303168
370 67108864
371 71303168
378 67108864
378 71303168
383 67108864
384 71303168
390 67108864
392 71303168
399 67108864
400 71303168
408 67108864
408 100663296
466 67108864
468 71303168
475 67108864
476 71303168
483 67108864
484 71303168
490 67108864
491 71303168
499 67108864
500 71303168
506 67108864
507 71303168
514 67108864
514 71303168
521 67108864
522 71303168
530 67108864
530 100663296
587 67108864
590 71303168
596 67108864
596 71303168
603 67108864
604 71303168
611 67108864
613 71303168
619 67108864
620 71303168
628 67108864
629 71303168
638 67108864
639 71303168
646 67108864
647 71303168
655 67108864
655 100663296
713 67108864
715 71303168
721 67108864
723 71303168
730 67108864
731 71303168
737 67108864
738 71303168
744 67108864
745 71303168
752 67108864
754 71303168
760 67108864
761 71303168
770 67108864
771 71303168
778 67108864
778 100663296
833 67108864
836 71303168
847 67108864
848 71303168
854 67108864
855 71303168
863 67108864
863 71303168
871 67108864
872 71303168
878 67108864
878 71303168
886 67108864
886 71303168
894 67108864
895 71303168
902 67108864
902 100663296
957 67108864
957 335544320
1304 67108864
