0 16777216
2.65969 33555436
5.44469 16777216
8.12896 33555436
10.6423 16777216
10.6437 67109868
16.3062 16777216
19.1199 33555436
21.616 16777216
24.6387 33555436
27.1632 16777216
27.1652 67109868
32.0435 16777216
32.0451 134218732
42.1206 16777216
44.8956 33555436
47.9427 16777216
50.736 33555436
53.4335 16777216
53.437 67109868
58.239 16777216
61.2504 33555436
63.8394 16777216
66.7532 33555436
69.4917 16777216
69.493 67109868
74.4635 16777216
74.4666 134218732
83.9989 16777216
84.0051 268436460
105.116 16777216
108.226 33555436
110.541 16777216
113.599 33555436
115.932 16777216
115.937 67109868
120.364 16777216
123.392 33555436
125.643 16777216
128.86 33555436
131.331 16777216
131.336 67109868
135.809 16777216
135.814 134218732
144.431 16777216
147.471 33555436
149.863 16777216
152.811 33555436
155.109 16777216
155.114 67109868
159.56 16777216
162.702 33555436
165.191 16777216
168.352 33555436
170.737 16777216
170.742 67109868
175.664 16777216
175.67 134218732
184.405 16777216
184.409 268436460
201.337 16777216
201.342 536871912
240.508 16777216
