1050127
4881423
4890351
6103673
6638158
23867876
29191182
29235388
29395049
31616131
36082615
36358076
37575383
39654215
39698813
45075140
53322433
53465726
54093118
57577130
57823490
64837755
67152580
67503709
69175744
72137591
73491416
74744490
76522026
77500886
81974027
84463364
85621213
86566039
88376956
88508027
88687461
88727361
89068081
91114940
91986548
92934428
94614574
95077388
96491575
97184076
101509743
103998764
105925377
108185086
108472926
109807222
113899523
115812019
117274524
119012704
119272086
121349733
122496547
124472822
124997713
125782089
126781581
132223845
134651009
134959023
138458784
139222787
140121633
140443229
140552845
142324359
148608558
151696015
155610098
157177235
159220019
159731354
163416198
167017846
167804526
169269863
170026441
171135408
176014714
178153854
180442981
182374598
182462447
182964116
187611820
191669105
192592444
194430367
195172070
195450865
202655789
204123714
205057399
207182164
207976508
212956269
213176778
216506009
217905889
218041651
218044922
218498421
218995473
221683401
222611026
223393325
224402673
226352873
229161999
236282521
237017441
237826748
238552901
239450344
240026008
240855105
244371560
244397177
244574571
246235171
250307928
251092152
253839791
255624993
258542608
259032409
261617429
265376749
267861589
272902835
273531228
273964473
275328219
276541593
276889715
278943158
280896407
281114439
281968838
283009317
283628371
290105930
291989042
292960217
294754991
295963818
296008867
297204386
300317266
300432309
300914096
303951049
305487570
307811093
313568991
315395588
315958543
323549055
325427896
325794527
330497386
330702980
332343485
333622277
334967279
336189864
336321388
336975576
338935388
343273188
344052644
344459875
344821750
346666783
348142266
359033651
361917088
365647176
365731792
367131687
372228395
376609212
377143355
378941982
383747540
406204962
406370969
408092998
408993482
409224822
420735051
421663602
422260552
422556469
422771054
425398751
426673316
427458630
427557712
428783758
437306424
437697775
440249810
445215645
445474987
447389058
448130741
448629205
450886590
453707092
453819028
456606309
458272103
459695499
460373181
463520512
469615313
473717458
480853954
482182722
490119978
491835116
492065359
496463904
497541267
498944424
503067144
503411205
504373812
505935481
507000908
508213958
510777248
511325928
513568329
513950927
514254043
514328709
516551872
521842398
529033076
529860781
536802077
539441807
541073342
545321838
546042845
554440979
555324631
556351204
556457416
557017401
557989720
558385623
558499961
559896079
560419895
560702355
564854057
566237449
567069650
571704287
573448217
576579593
576639736
580408114
586321586
587750671
590629543
592316283
594062682
595526934
597555625
603896258
604460702
608237309
608345594
617715851
622292643
627090011
631144270
631763266
634128693
639620260
640088094
640755576
641358520
643350279
644639971
650524679
661745578
663471547
667265503
668218167
671829030
672154382
673522952
676598921
676654585
676692484
679941443
680267523
683201468
684193258
685864944
687086569
689450632
689548888
689890535
690427775
691751166
691762674
696479686
699997461
700040350
700932988
703747194
704012874
704832730
706007734
706743083
710704317
715284136
715543992
716661973
717506703
722280152
722489325
724178011
726011592
726616387
728320027
729089113
731441217
741150141
744206239
745771039
748460935
751478378
751512839
754497761
755285069
756030430
756471909
757451545
759957516
760021471
761156824
761936716
766161281
766351128
770198319
770770328
771840446
772880874
774131352
789246266
792114931
792198923
794001855
794620776
800172850
804359099
806128210
807267970
812429086
815316872
818781628
819810334
822162866
822672955
824002211
824517564
829321987
831892884
832419151
837876008
839528325
841527381
844395264
845719212
848076381
848520636
850121851
850130766
850634701
851876746
852884833
853448537
856856343
858515358
859384650
864006720
866283046
868609485
876609752
878878523
884658288
885907891
886060894
887105309
889439144
892703575
895661175
897571278
901353584
905713367
906319367
908480203
910241334
914447753
916261684
918811995
920184323
921054259
921895025
927109987
927649659
928112433
929498745
935816429
939080671
939240771
940624069
940925631
941908761
943852908
948580047
949799386
950292436
951286181
953939256
960469233
961712056
962492436
963690672
963936168
964395195
966194775
970113067
971321570
972234883
979195245
982778908
984997485
986429489
989515679
989924358
990220084
990449457
994469045
1000813594
1003706751
1005545137
1009527987
1010570992
1010882946
1014358159
1014479416
1015262807
1015346814
1017206569
1017813363
1018926575
1019896837
1020335798
1020702023
1022486820
1024835663
1025455915
1027792297
1028843836
1031573522
1032332351
1034017930
1036718375
1039638561
1041312767
1046887622
1047437177
1047506984
1048447324
1048795311
1049246438
1049451521
1050003465
1057182914
1057641419
1064344847
1066809712
1068182018
1068988454
1070247424
1073902272
1077609529
1081218435
1087538122
1089300573
1092221347
1094865933
1096258158
1096803437
1097302261
1098604441
1102871597
1104604465
1105103794
1105267187
1113762884
1119197674
1120028134
1126835691
1127004287
1131793077
1134715054
1136138691
1140586280
1141070077
1141251957
1141816382
1142827390
1144472284
1150850833
1152471790
1161361065
1163313196
1164075856
1164635299
1165469684
1166542005
1167295754
1168445567
1175876939
1176787986
1179262672
1181504064
1182300920
1183740488
1184827584
1186174926
1189522352
1194316279
1197392755
1200454062
1200897622
1203232666
1204497385
1209104646
1215008035
1219809500
1220013357
1223164632
1230753720
1231195205
1235715029
1236927723
1239738448
1240419366
1245766479
1250024840
1251394874
1251571418
1252765486
1255013450
1256261985
1258471679
1262901211
1265666465
1267164599
1268377679
1271515694
1276806208
1276855360
1278020275
1278342735
1278785969
1281296230
1285193612
1289358937
1290496105
1292106399
1295472519
1298568437
1299848014
1301677986
1302876979
1306403623
1307689526
1307720842
1312879293
1318103797
1320300577
1321963351
1324071582
1324386155
1324957066
1327666132
1328427179
1329258394
1331083675
1331182760
1332867646
1338275902
1340674643
1346213838
1348227083
1350315873
1351992987
1352723428
1353179380
1356183489
1360434272
1365680786
1369699538
1369870694
1373837160
1373897596
1374227049
1376346487
1376900141
1382208719
1382844395
1387208216
1388510102
1394225153
1394574838
1394703012
1397718931
1397752342
1402537501
1402892395
1403920684
1404581124
1405978657
1421879486
1422558235
1424125188
1424518447
1426180746
1426401404
1435018448
1437490789
1438362237
1440191792
1440299415
1441602116
1442283444
1442283977
1445272735
1445528460
1448257181
1448901217
1450274962
1451330634
1451698907
1453538972
1456082701
1459288581
1459372238
1466057515
1466809984
1468424107
1468551082
1469439050
1470003328
1470203414
1473064536
1474176401
1476434068
1476622133
1478674763
1480164145
1481143377
1481372965
1481610234
1482871179
1483856003
1493798279
1495575040
1495726065
1498019521
1499435566
1500439477
1501127218
1505159418
1505276287
1508174614
1508272644
1510131603
1510516040
1512025898
1516548096
1517950339
1520720258
1520722703
1521148042
1530958456
1532137325
1532597870
1535108856
1542493259
1544479048
1545324136
1548074054
1548653893
1550742606
1552624484
1555332818
1558411530
1558584090
1562981528
1566788901
1568460863
1570629230
1571214066
1571350547
1573368204
1573528322
1575135892
1582151054
1583586374
1588878119
1589208523
1590900514
1592388427
1593505173
1594030989
1594139101
1594620775
1598945660
1603573434
1603977237
1604173936
1607699230
1608641168
1609573148
1611933270
1612427409
1614939182
1618682183
1621973099
1622916116
1624344416
1624416259
1625337032
1626026571
1629095407
1630922238
1632925521
1633259117
1635603241
1637200302
1640092056
1647127776
1647949488
1648299316
1649599467
1650238813
1650268204
1651923466
1652700702
1653758752
1654703244
1655985864
1657503084
1661268841
1662744184
1662922973
1663634236
1663736167
1664486402
1667269835
1668089569
1675818704
1679942557
1681943586
1686645529
1692799086
1692871590
1693264572
1694058608
1695959774
1696657949
1700573578
1700970831
1701334984
1702248043
1709045172
1710121241
1710617175
1711728458
1715433590
1716242173
1722514699
1726014480
1728611514
1729588194
1730406739
1732894600
1733841973
1735656817
1747384718
1747450889
1747550821
1749848195
1754813855
1760194299
1760198315
1760478493
1760985021
1761601095
1763536734
1763542648
1764421834
1764568994
1771848435
1772800249
1777836233
1778171185
1779137950
1779227972
1783583660
1784338363
1784941820
1787380359
1788071917
1789167977
1790420569
1792989887
1793671731
1794913172
1799559048
1800361500
1805798142
1805874160
1806693073
1806849883
1809919619
1810473190
1814832747
1817195285
1817413547
1818877750
1819192978
1819194079
1820111375
1821193949
1827048390
1827112111
1827511109
1827752262
1835745301
1835935205
1838893093
1839050074
1839206964
1841637914
1843672660
1845189942
1846684001
1849487835
1849843755
1850286475
1851318687
1854811757
1856961995
1859511535
1868690460
1869976262
1873995760
1876537315
1885706434
1886292247
1888148394
1891650737
1894036902
1894162858
1896202602
1899170722
1900082957
1900972592
1902945805
1903732515
1905003486
1910470076
1911409517
1912310582
1913220233
1913746118
1917023838
1918878900
1922224576
1922496459
1927209141
1928829304
1930685682
1931517408
1932865751
1935883750
1937489846
1941023967
1942056585
1943692524
1948206452
1948772574
1956020238
1960767254
1973282810
1977170043
1978426143
1979277836
1981092792
1982776280
1987086837
1989985390
1997007934
1998345868
1999769976
1999932127
2002988790
2003017779
2003021537
2004460313
2005781574
2008796361
2010969271
2012829978
2013738248
2014500940
2014911082
2016066209
2016832709
2017187461
2017427400
2019694206
2020046123
2020934200
2021608014
2022236698
2025397310
2028798755
2029338754
2030604421
2038334626
2040886502
2045855509
2047542246
2048234944
2048779319
2051938920
2052547666
2054893109
2057551347
2065778035
2065842780
2074575947
2075754121
2076697374
2082236270
2083448238
2084999844
2090181358
2093533648
2093784862
2096276709
2096633107
2098573691
2098775479
2100193582
2100292175
2100417239
2101710009
2102207704
2104522933
2108880029
2108974931
2112225349
2113699726
2113828794
2117449349
2119308179
2119371253
2119495814
2120107259
2123223458
2126280707
2129528153
2131954012
2131976012
2133306865
2137827688
2138065186
2138800701
2145655929
