969563
4991063
5697983
9139102
9660634
10483631
13076861
13575546
14004887
16711449
18820056
21345073
24022189
26746431
28910153
29181761
32220380
32789770
36092525
38277927
38550685
39693152
40648059
45967930
48951050
53872958
57027967
57102358
61782779
63099019
64080976
66020127
66853574
69051633
69699614
77120403
77412440
81877812
86158143
86988608
87184738
87315680
92928562
95489458
100887830
101944326
103076990
103269262
104727163
107069788
108677238
112929883
116872862
116959413
117479675
119438428
120613449
121517965
123339201
125765575
126968373
128326742
128832835
131365945
132654495
132933608
134065954
138043951
138142020
139533476
143189837
155543055
155678964
156651625
161407408
162081084
162469971
167301146
168036895
168649775
169767300
172426559
173296267
174002005
181733793
186627621
193215409
194299431
195674497
200396275
200558303
201529211
201990490
203897852
204006781
206552252
206823658
207099821
211146381
213882632
219436885
224721503
228989260
233779716
234060549
238446473
238979008
239403620
241250541
242412571
244917937
247967878
248717051
254248499
255098460
261088105
268366802
270408085
272127867
274192949
276369565
277654850
278170708
278751200
280367981
284252893
288110599
288619278
292985793
298031698
302875395
303169273
312268326
313725127
316982417
318706104
321014065
323107733
324239284
327140298
329479270
330583702
331797396
333579802
334547617
335251173
337593232
338516041
340529918
340908481
348081390
349364942
350182915
355649231
356836140
359073661
362047616
364320795
365386409
366749946
367306980
370409689
373990119
376104799
380235499
382854295
383543691
387901146
388833217
394979773
401854251
403688004
403720815
404746495
406915578
407063999
409239369
409723088
411506915
411747124
412100939
417251976
419059663
421768690
422100622
423440856
423795185
424897024
426717443
428144289
429436354
430695008
434090604
435240160
436071879
439802477
441981578
443941087
448543129
450189325
450783797
451602438
454012985
454361685
458467302
459405305
460305579
465782282
469379667
472517741
474070837
478830298
479592079
479699658
489609259
496694939
496696325
496776538
502460095
504978423
511038930
515061536
515168434
519737958
521972357
523924423
527894950
529320170
530935040
536143175
541673872
541735365
542800682
544227089
545187565
545720198
552211859
553091934
553532467
556289296
557295039
559685658
561637249
564132759
565535149
568475884
575820022
576183094
578705842
580084725
583717974
586381717
586841104
590948524
591424253
594386187
597857763
602485856
602534137
606970464
610146012
613836875
617685904
618110377
618397400
619016770
619187258
619510366
621046233
621066727
623176158
623314348
623873900
624719863
628585083
628994306
629611073
629730165
629941669
630663995
630944531
633030764
633192336
633330839
634144607
634779464
635789401
637628232
639312220
640078109
640231852
648064579
648240339
648757946
650239392
652606919
655931323
658480146
658541168
661538842
663207910
663723968
665033565
668647093
669274310
673287543
674296694
678112917
681139365
682903884
685808974
688275532
688852166
691334807
691832250
696461895
700965033
702073166
702879359
703004875
703183594
705376052
705856104
706198386
706560373
707679014
713757506
713971206
714063310
715524398
715530523
720521112
721036297
722068956
722439849
724526986
725182514
725767566
729587071
730044312
731047452
731927695
735578463
739470833
744413471
744996159
745119136
747096894
752067438
752790382
753844204
754780592
754920184
755264175
757418323
758832569
759339773
765961484
766340345
767713001
771129653
771912443
774266899
780144348
781151508
781239436
781834126
783302859
785842926
789317286
790836342
790848718
795234637
795621480
797189122
798425042
798689914
799761816
803894729
804154917
804469191
805265198
805835429
808110793
810108711
812133815
814245746
814294985
815031974
818974542
819037935
819095970
822345697
824920259
827213098
831585611
831836487
832156776
834491171
835895463
840129420
840928914
842689522
844527196
846304296
846692569
849055000
852399158
855651476
857673620
861156093
861265902
861657942
861693973
865763668
865968258
867486475
869125112
869518090
870656631
874966968
876639803
879106435
883290904
883442355
889434215
890520375
890830052
892775212
892789214
896395103
898744445
900322603
900579554
902376691
903807522
905496535
906299014
908941083
909312579
909626451
910367615
912159357
913396747
914648663
914824661
920026380
921644417
927456263
927871185
931626406
932558321
933181872
934358161
935891456
938609154
941116661
943426132
949635816
952538935
952618595
954576413
959413825
959659531
960476975
960581277
972440504
975977141
979796954
979942949
986173164
992054383
993164380
996768133
997944562
999028725
1001110260
1010292676
1014197914
1015246781
1016679221
1017737310
1018112143
1018486061
1021250170
1025656590
1027594396
1039285949
1041602434
1046634359
1046847990
1047190140
1049138283
1050851330
1052108791
1059795599
1062457808
1062780436
1062824883
1075470739
1075478893
1076509088
1079395094
1079593177
1086883482
1087514392
1089311860
1090982801
1091604781
1091814001
1092580831
1093066320
1094240623
1095215440
1095362841
1099453859
1101889255
1106667913
1109315618
1109437412
1110000706
1110361126
1112062808
1113110161
1114712416
1115158169
1119656485
1119769759
1123431734
1129548377
1130661272
1135362161
1138224174
1139825745
1141187023
1143338692
1145574524
1146846990
1148160892
1148565152
1148983672
1150046178
1153513611
1154538033
1156627838
1157430388
1160266865
1160591806
1162406682
1165502404
1170137780
1172045241
1172816073
1175458794
1175790520
1177239116
1178667658
1181087260
1184299095
1186721023
1190125812
1196751212
1198915926
1200219302
1202705700
1203561643
1204185610
1210182149
1210233943
1213711491
1217663665
1219853177
1221375142
1224853682
1229974080
1231514323
1233676730
1233882005
1239087026
1239508636
1240173095
1244192157
1245796372
1245860845
1246018073
1246615378
1248766539
1249160149
1255046369
1256234134
1256589768
1257161327
1257713128
1262454338
1263059812
1268391370
1269007839
1276719813
1280676473
1281535906
1282120267
1282433771
1291234723
1295773872
1298936023
1299377065
1304418286
1305002113
1305268480
1309584293
1310553614
1312426910
1314486011
1317099448
1319258511
1320028419
1320782303
1321102315
1321785797
1322883201
1323633749
1324301527
1324358295
1331419498
1337414483
1341850758
1342229599
1345248924
1349892905
1350521417
1352189719
1353230807
1354725809
1357185063
1357470364
1358067655
1358818087
1360321648
1365194538
1370494183
1370989670
1373559014
1374254776
1377570979
1381556378
1383367734
1383856820
1388096449
1391629105
1392142946
1392167168
1393629290
1395548547
1399175290
1400559741
1402110188
1402799473
1402875094
1404067322
1404519841
1405844954
1406831316
1409905819
1412968820
1414430903
1415393377
1419059625
1419770509
1419867757
1420727884
1421057584
1421928058
1422747356
1433472646
1434741723
1434896832
1436779339
1441027748
1442187398
1442519710
1450390190
1453685295
1454790832
1456679160
1456836537
1456997058
1458790376
1459736526
1460411382
1462300366
1462456541
1466596745
1468544344
1470411983
1470770727
1473290646
1477850366
1478168078
1480058450
1480129513
1482138276
1483665094
1485874987
1493631416
1494672722
1495072852
1496195815
1497164975
1497347102
1497681470
1497956269
1498391901
1498712637
1499432889
1499943582
1500354320
1502842698
1506183540
1506910522
1510514757
1513101855
1521600870
1523784252
1526609541
1526858929
1528785048
1529295753
1533446603
1534760627
1536877528
1538936796
1539603872
1540385124
1543151448
1543413544
1543495711
1544536308
1549176001
1552643778
1554651716
1556744672
1557882481
1558108982
1558157918
1560935099
1568192329
1570662556
1571140852
1571709425
1580654679
1584259264
1586877269
1590523802
1590617912
1591686452
1592790408
1598564348
1598978649
1603542916
1609167618
1611141103
1615356481
1617976009
1618049495
1620389990
1621902493
1621952943
1622160982
1622648554
1629788474
1632655011
1632807427
1633008915
1634212158
1635183179
1635921700
1636370237
1636449269
1638614628
1638809128
1639636332
1643228123
1644177221
1644223705
1644727401
1645424968
1645741037
1647882722
1648628829
1649193115
1651032618
1651286960
1651854438
1651933098
1654434323
1656113220
1660376206
1660476379
1669900843
1670715409
1671109066
1671447875
1674781599
1677039982
1677589617
1683045611
1684642305
1688259651
1690476563
1696449233
1699367768
1701220704
1706831719
1712711014
1714227967
1716135339
1716858530
1717808778
1718277483
1718507905
1722052919
1722923453
1723104748
1726454468
1728654696
1730852204
1731733967
1734692305
1737966020
1739424878
1743013236
1747875526
1749300167
1750847773
1752762603
1757099507
1757749945
1758614336
1759732607
1759912559
1763099922
1764037959
1768378608
1775265945
1777028138
1784483280
1785539054
1786431833
1789215498
1789433375
1789615935
1789720922
1793527904
1794178892
1794443792
1795774362
1795949028
1798989777
1802166853
1803183407
1805969986
1806130420
1808590848
1809548810
1813089386
1814828381
1817329712
1821469045
1824943657
1830003170
1830269352
1833820423
1841692177
1842581474
1843272645
1843437089
1843698078
1844355203
1845064226
1845866789
1846697055
1848219695
1852245428
1852964356
1853502975
1854181868
1854948040
1861560230
1862930201
1866333443
1868689059
1870830176
1871335027
1875004077
1875734337
1877055572
1882306866
1884121664
1889055323
1898351519
1901545392
1902202712
1902565303
1903209276
1904429844
1914826745
1924040813
1924932340
1929289181
1931075468
1936664063
1939235634
1941091297
1941624344
1945397764
1946750317
1947350601
1947771815
1947843219
1951355509
1952511826
1962052119
1965838032
1969346557
1970337730
1973503009
1978775807
1981203336
1981318782
1983292350
1985254593
1987241521
1991205461
1991747758
1997191129
1997912881
1999543549
1999681500
2003313568
2003736941
2008372490
2008471028
2014467398
2015796942
2017634839
2018589055
2020844767
2026010193
2026380511
2031886594
2035378023
2037009591
2046466806
2048384223
2049350031
2050572866
2054338277
2055699342
2056167871
2057617633
2062147614
2063255464
2068034017
2069815293
2072180727
2072901541
2073158222
2073863231
2077442664
2078114377
2079435385
2081640180
2083240431
2083634141
2088689848
2090014211
2095391978
2096635455
2100841363
2103798594
2103957323
2104626695
2106861034
2107459140
2107663484
2111566145
2113073823
2114778911
2115698780
2118177585
2119215774
2119872252
2121468831
2121975491
2130753664
2131805316
2133328213
2133619606
2141010712
2143194542
