2660007
3434900
3452478
3563974
6011325
8778638
9201385
21545387
23915999
26163104
26899022
28347202
28855111
31569075
33863858
34865846
35381586
37841515
40782520
41590143
43739277
44343233
52322143
52572675
53258098
53916514
56271633
57773648
57821300
58328675
61328546
61476508
62238218
64619759
66694951
68783404
69079962
71317823
74577967
74835302
75348956
76045699
80474216
81884265
82956168
83980763
84956624
85321304
89469021
92806884
93207416
95049750
95837648
96707460
97405715
97868045
99162991
99642354
99891522
100607866
101049625
101912913
102177680
102317115
103189583
106741330
109608282
116214609
118849556
125860229
129584320
130614686
132897382
138733292
138778427
140176575
143203477
144055127
144847223
146527065
152982716
153909799
156482026
158135266
160584502
164482139
165817538
166275163
171119061
174536607
174632175
175013124
175447690
184579828
185079665
185888045
186346108
188830553
193195046
193804853
194910526
200158706
204870922
207084170
209316979
212787622
213193837
214975708
217168415
218675860
221287450
222034263
223306394
230717042
230719910
230737201
234864347
235476468
235668881
235978653
239759393
242811433
244950475
248328023
251408573
253020951
253593681
254278499
255196761
260693518
263268249
271257539
276778752
278473850
278918518
279196695
281131910
281781947
287597845
288558707
288685873
289547729
290136843
290229911
290991954
294107467
296035749
300699255
302990910
305209267
306613347
311355943
311968693
312698816
317069379
317744704
318886207
326721069
327321553
327335424
330555267
339093492
340015999
341162881
341980184
342776135
344695982
344959057
347183093
347293128
347429220
349209125
349378433
350993442
352540438
353315577
354756557
354912178
357097091
357631230
358764828
363345343
363363811
365012814
370905462
371807009
371881178
375248182
376753204
382618684
382970440
384530247
384652579
385988922
393175152
394679706
394847978
397373138
400848625
405656577
406639736
409841748
412252267
412996522
416798551
424069920
428223705
430433140
431623518
432742971
434755304
435078030
436265288
436504270
437780403
438651352
452311598
452488537
461010076
461184618
463178259
465653750
467283047
473770422
481912895
484053372
485497016
485671743
487448043
489147771
489506498
492495575
492645542
496258599
504214270
505502397
506492739
511960113
512740368
512914687
515057488
517454894
518702924
518704715
519193117
519987970
523127738
523426076
525343569
527428673
527893152
530531465
532227296
533478847
536007238
537133533
539186481
539292282
551816867
556096260
557785351
560361625
563430566
564380226
565398150
567119068
567411377
567927662
568181782
571050183
572485596
575695021
581539653
582172940
591569306
592296544
594635907
595752967
595871097
600157645
604639811
606780269
609317146
611169584
611414052
614115723
615202547
616288497
624652367
627972049
628733244
630279648
631582574
631815578
633184387
636516303
636548979
639856484
641635160
642582353
644871387
645106848
647139598
647805374
647993315
649910084
651983831
655537057
659822330
667794538
672608345
673909272
677683342
678047768
679889602
681004086
682212514
682476947
684497333
686197327
686621265
687277264
689221683
689253135
692781537
696468942
700837431
706950802
707215559
707741594
710439794
712825131
713179226
714912597
715312991
716877771
719099617
719863289
720439363
726158401
728383425
731814685
732109508
732171666
732704263
735247332
738870474
750648027
761290699
766565620
767093127
768224496
768443501
769198586
775030437
776931362
777908938
778463042
783032533
786716127
788113623
792548197
795029455
797345401
797790218
799261190
801524558
804107012
805725984
809152240
811821898
812166582
812280133
812410932
815852460
816968368
821479383
823357394
827519345
829507504
830341706
840984635
846164503
846773673
849299913
849564011
850091487
850660385
852659658
852688065
853698767
853912524
856889735
860750547
861392703
862542188
863811243
864531151
865720768
871966757
872939163
873260944
874774117
875265682
877418508
877661996
878472494
881033577
881506659
882476168
883972958
884314048
887879830
889316343
893290896
898981986
899318882
900689206
903282474
904565893
906639875
906856792
910301664
911572155
913531052
913976987
914136405
916141330
920449320
927037899
930117783
931039075
931290499
932275102
933148123
933641672
933844181
934071268
936953146
938108838
938934266
940659003
941606247
943130137
948512309
948648807
953758578
954687587
956112368
956628830
956796379
958370506
958751840
967239351
968535803
969932024
970564426
970812576
971153487
973169808
973208833
973793920
978849427
983722436
986739725
993442210
994036794
994647622
994713116
994736905
998232643
999259239
1002226538
1002479238
1013533443
1014661180
1016136483
1020207889
1021462049
1021567506
1021903921
1023937823
1025564200
1027167710
1029230102
1029545876
1029832476
1029874706
1037750490
1038673412
1040821240
1041099482
1042577616
1045259907
1052616611
1054106895
1057445778
1062512132
1069120934
1069242240
1073348126
1073664729
1073767872
1075290011
1077497693
1077608799
1078124646
1079108292
1082147570
1083175688
1086107381
1088356440
1089280304
1089281318
1093583174
1099651993
1101078198
1106182870
1106485980
1106550280
1107980540
1108031577
1111038916
1119369710
1120296884
1124552775
1129041220
1134826829
1135260401
1139980656
1141311163
1144091366
1146095263
1146797713
1148521424
1153780537
1153922600
1155260437
1156298340
1157969370
1172371439
1181437527
1182551659
1184597237
1184827374
1185915929
1187098187
1187760456
1189852548
1191680805
1193027234
1195428692
1199079851
1200247314
1203920495
1204314536
1205741842
1206277192
1209972209
1212510725
1217981688
1227910333
1230202707
1231936466
1232245996
1234021832
1237412993
1239894894
1242710127
1245511104
1247445402
1248964609
1250240924
1250452616
1251354055
1254563021
1254889394
1260704081
1262883295
1265835941
1266343335
1266782928
1267024489
1276514879
1282039280
1282916239
1283436075
1285556713
1288018352
1289262135
1289968250
1292388212
1297017475
1300938809
1301794053
1303268438
1305862132
1307025084
1308657791
1309214871
1309308272
1313458814
1314877719
1315655308
1317879385
1322123139
1322946544
1323552762
1324325372
1326678677
1326852147
1327030295
1329272577
1330828223
1336066613
1337498765
1338597357
1342144323
1343099728
1343210694
1344165209
1344253315
1344675557
1347552756
1347636532
1348304910
1349193428
1351665652
1355798561
1362413534
1362595198
1363109643
1363148612
1374452161
1374834652
1378663848
1384087841
1384362057
1385751954
1386504063
1397327731
1399248759
1400605794
1404165457
1407881483
1413324991
1415908837
1416009696
1416375362
1417322020
1422808191
1428854551
1430680623
1433092467
1436148279
1437253876
1438439113
1445609564
1446247701
1446742533
1446887927
1448235604
1448925168
1449171380
1453342059
1455938962
1456632649
1457972959
1460833807
1461201433
1463002059
1470096145
1472248768
1473427054
1478987219
1480263220
1484247105
1484596653
1485400679
1487359691
1492568730
1494392476
1496107268
1497265659
1499903660
1500088668
1501106745
1501544535
1504393234
1511538963
1512496720
1513680870
1519073326
1522035409
1530748609
1532387053
1536527750
1537460416
1539405383
1540137050
1540462325
1541440919
1541973515
1542041611
1543095603
1545006256
1548781784
1550763402
1551695923
1553123457
1555244876
1557069066
1563181471
1564860884
1573971008
1574668855
1579828065
1580303423
1583947972
1585047778
1587721304
1591243926
1591586185
1591779705
1591900797
1592049389
1594400903
1596297903
1606316927
1609061536
1609071007
1611231189
1611343033
1613621624
1613965524
1616553932
1617306059
1618035178
1621843074
1622757912
1623563779
1630410206
1630687293
1632265633
1633129241
1636441779
1636624940
1639153299
1641489642
1642255298
1642782057
1648961285
1648966487
1650551206
1655138264
1655620559
1656044970
1656834205
1659342351
1661498719
1663968285
1664121993
1667011899
1668507746
1670681649
1676590930
1682951915
1685422805
1687354392
1689169909
1690893686
1692081947
1692955519
1694129309
1694425601
1695318539
1695368715
1698655764
1703116755
1704264482
1704326122
1707180745
1712475188
1715140252
1717765134
1718148953
1718915512
1719114033
1719785705
1720696932
1721395583
1722930771
1725016492
1725420853
1727132044
1729520790
1731484855
1733584166
1737380113
1738545622
1742887966
1747466748
1755655934
1756994061
1757064709
1757788143
1758289783
1759563056
1759745670
1762934349
1763336330
1765268678
1767632044
1767850943
1768225243
1773867067
1775416520
1779149577
1779794546
1780200854
1780493970
1781980162
1782017619
1782914761
1784030002
1784207282
1784815804
1785124736
1785341439
1787676509
1788193751
1792154372
1792910095
1794376371
1795278449
1797583569
1799282665
1803058580
1803523979
1804279458
1810556240
1813344280
1813623852
1817805715
1818775165
1818957422
1819207420
1820851201
1822447311
1823712959
1826517248
1828275865
1828695942
1828966245
1829485127
1834542756
1837538027
1837711256
1838408609
1838879538
1839307775
1840596139
1841757652
1842594010
1842829655
1843017685
1843707709
1846921713
1851290778
1855940517
1856011502
1857625513
1860508759
1862644346
1862990740
1864335509
1864367617
1864643088
1864755385
1865193961
1865833802
1869489575
1870204553
1873679474
1874721738
1877443637
1879656617
1879923454
1883979193
1886695199
1888054108
1888465581
1893104437
1893280968
1895789478
1899036977
1900706991
1901028110
1901922482
1902291872
1903625127
1904314549
1907922122
1910740753
1915198114
1917652549
1920798529
1921614747
1922973212
1924405705
1924962242
1925299834
1925498209
1928117641
1929370381
1930471140
1930583337
1931653205
1936837960
1936879383
1936980986
1937603125
1939272092
1941483732
1947479176
1950637414
1952218753
1952316806
1952829330
1953270505
1955351345
1955991764
1957264779
1959636596
1966914672
1974214272
1977163295
1988119902
1991669118
1992404694
1996923354
1997397615
1998164368
2002225853
2002749734
2004184870
2007319829
2012107707
2013685275
2013698573
2015807415
2016781250
2018464004
2021425018
2027719884
2028737854
2036629043
2037123338
2043242360
2048838304
2050776672
2055754966
2056400853
2064011921
2065159039
2069438091
2070314175
2070441972
2072407414
2072579330
2073566961
2075322950
2076839659
2079367496
2083362795
2084235411
2088048114
2090161638
2093867246
2094076714
2096915608
2100490033
2103061370
2104205709
2104920057
2117787639
2121575694
2123671843
2126463002
2127233548
2130632364
2134147384
2135331110
2138008817
2138786460
2139516433
2140220807
2144136918
2144137744
2145771312
