1610128
2632539
3084173
3493724
3858921
6175648
6615941
6824643
6852214
8789374
10787876
11419730
11447799
11649751
12266320
14516575
17011614
17066215
17450151
22709780
25398331
26016898
27935464
28643470
29848664
34728669
36448941
38138293
41989227
45868765
46173232
49860514
51999885
54529248
57683649
59222567
61224422
62611351
64673309
64930332
66978667
73229872
73828530
74270483
83379587
86757248
90477011
93047765
93405153
95985807
97541533
99463904
102861386
105607830
107854803
108141346
109355846
110551148
112100967
113094338
114248593
115133600
115638581
117892987
122971659
123123279
124864642
124886165
125056800
127754987
129664963
133219043
133429917
137189571
139134018
139946747
140006362
141047507
145120469
146674071
147264130
148945039
153041325
154695349
157276743
157719011
162158576
165786805
166489120
167649253
168085195
168159396
168515405
170297098
172043762
173031149
174079918
174999212
177340949
182450307
190645898
190786211
193105598
194431388
196701571
198783134
198844962
201622424
203070206
205524651
206449716
207775840
209524964
210411265
212037279
212371290
213116284
213637380
221974032
223931151
228701801
229984871
233431342
235607261
236018702
239475953
239992963
240426725
242438789
245150895
247506492
248646743
253511171
254295765
256598428
264005175
266328973
267271497
272002722
275155561
276133085
277145921
277346788
280132858
283562311
283802179
284186204
293159966
296088083
296151352
296151978
298871447
301385650
302042466
302497736
311432507
312057393
313899700
315327760
319383102
325722133
328761093
331370161
335404974
335431906
337578981
337966609
339485559
340276378
342668705
345770097
346926014
347139025
350681617
350763306
353957828
354193641
355853986
358445909
359478700
360248472
362397248
364028505
365573830
367415693
367427658
371073855
371677291
371964603
374144642
374463362
376353180
377040312
383691009
384481984
385201170
391745175
392245605
392875239
393608483
393958969
395076342
397788481
399884716
403791793
405350342
405520839
407387566
409899849
412271870
416879678
417686437
422639102
423986928
424848880
428992326
429025241
431566987
431988329
432375837
433761523
434359450
435327543
435413623
436272927
438507366
439513006
441663205
441951867
442898073
445044359
446054141
446721753
447327796
449102261
449672759
452539285
456228084
456464825
458853648
459470767
459537573
459789781
466575967
467411872
469508910
470487103
473239352
476073128
476592812
476972248
477938846
479146049
480340431
480517030
482080755
482632257
485691339
487036468
487987593
491120607
492720640
494818702
495914813
502616220
502721602
508514975
508531516
510524332
513213001
513601228
514407056
516502903
518807467
521084685
527272046
527477147
531888306
532339872
533020584
533295281
534600524
538460985
540131790
540398868
546111629
546274892
546924244
547113021
547675265
554608680
555525845
555615952
557753190
560224187
564511992
565548284
569736561
573586221
576008874
576308282
581618661
583687551
586857965
587015615
587440075
588842465
588962687
590383364
593538177
596555680
597558150
603281219
606165939
609592409
614642557
619073365
619355302
624011652
625612361
627496098
631887103
632800882
638872278
641868623
643666964
644937438
647430494
649437159
649961805
651323705
653704974
653841206
655106720
655876177
660821438
663267813
666698277
667663531
670191443
670243532
673088334
677994969
680130778
680245672
680819170
686304732
690594744
693285802
693981071
695507655
698654886
703933118
706172728
706331428
707450472
708091620
708762728
712283813
714900880
720291480
720759331
725062121
725682731
729655991
734918974
735389547
736960799
737793950
745614797
746900713
748759161
749518919
753391070
754792942
756173440
758759102
760436860
764339325
765168197
766665628
767211345
769717797
771793353
772328804
775431313
775721265
778902457
779353921
784955126
786678295
788597479
791913657
791990930
792988642
794229244
794914895
798515759
800235308
801135211
802866293
804124934
805357527
805670207
809551031
812036084
812062344
813175167
813491049
815734468
818909942
819905706
821045258
822786077
826780026
828497410
829681452
835128863
844843793
846195948
847689218
850522470
851308170
855784281
857830619
858094610
858810978
862047604
867082612
870252036
875366087
877000938
879944269
880405984
882336140
884230053
885141610
885365513
885998713
887011889
887916404
888448973
888454612
889571387
892248364
896064085
901113429
903662286
905069710
905404399
906847013
908790182
909188947
911708741
913199256
915913568
916266555
918393106
921862874
923205584
923727944
925759748
928518669
929185013
929520622
929913231
936182055
936270645
938081426
939668011
943751386
946545182
947557162
955816501
957042094
958722559
963534080
964963079
966948961
967290732
968458409
971420103
973963946
978408108
980812934
982359997
982499485
985656503
985971064
987122723
990028604
992726691
996175942
1003170486
1006354093
1007221736
1009021962
1012195948
1014774714
1026042213
1026519072
1028177361
1028555845
1029051410
1029258827
1030025884
1031289738
1035177780
1037228484
1040163645
1040687361
1041297516
1044083927
1048922445
1049474671
1049808743
1051445773
1052507639
1066876560
1068397545
1068755008
1070663879
1071979926
1073238923
1073361176
1075587880
1077150246
1079998858
1083539390
1087827006
1089435920
1089928636
1090049274
1092541476
1094793563
1096794799
1098587194
1099104981
1101919450
1108430455
1113972829
1118366676
1118650232
1119602461
1120091244
1123015266
1123519121
1128141021
1129306388
1129344942
1131026572
1132891410
1134032350
1139046360
1140067126
1140310381
1145403830
1148708129
1154071378
1155478043
1167071566
1169572283
1174771660
1176722988
1179168006
1180298174
1181331292
1183624984
1185278159
1190680246
1196616367
1196823553
1198749608
1201380865
1210809551
1211427708
1216550454
1219505313
1225794856
1226911865
1229056780
1230252747
1231313809
1231852396
1233874347
1235534009
1237602686
1239683720
1243112009
1248047643
1252662639
1254134901
1254268721
1255095736
1259088148
1260432386
1265871659
1271073868
1273355819
1276581455
1277113210
1279482172
1280196713
1281596613
1282943162
1284452961
1288048946
1291617532
1291682988
1294074590
1295295883
1295410033
1296854569
1297582326
1302806097
1306198092
1306643341
1308417494
1308787998
1309675995
1310161461
1314319177
1314423914
1317436788
1319604578
1319952648
1322663651
1323865118
1325008772
1326824345
1327951926
1330002403
1334495527
1338301973
1340857169
1341162881
1342382969
1343749600
1348527407
1353380729
1359061703
1359198514
1359405282
1359908402
1361243330
1364468554
1377457319
1378147324
1378587602
1386090349
1388703937
1392135480
1392483824
1398742236
1398962062
1400356876
1404073428
1404752260
1405054939
1405091632
1410209199
1410487995
1414222748
1417111634
1417625889
1419312521
1423207780
1426160784
1429763607
1435227068
1437512998
1439457579
1439968008
1441026320
1446766248
1447509975
1450866107
1451156448
1458847316
1461495348
1463057632
1463163741
1463955652
1467924113
1467961553
1468364693
1468426808
1472700892
1477781766
1478639424
1479180970
1481609762
1482535009
1484386428
1485711029
1486986627
1488256927
1492420868
1495166566
1500821718
1501491222
1502430678
1503107393
1509397766
1509517773
1510271776
1511210490
1513494935
1517039850
1519976432
1524622508
1524727459
1526293678
1526301599
1530519877
1536395621
1538296214
1538765371
1545154971
1549092413
1552900734
1558321215
1560246798
1560352132
1561738959
1561956544
1566966685
1574367889
1574495605
1577076526
1578437259
1578666941
1580202931
1581238579
1588168968
1590630834
1592332669
1596505154
1600706420
1601186863
1601550279
1601844223
1602999257
1603473662
1603695346
1604742121
1605396609
1611062053
1611463406
1611844988
1614286907
1616707578
1619820128
1622179924
1623129142
1624047893
1624054597
1627623816
1633864192
1634630083
1643420665
1643744202
1644528836
1644876612
1645037514
1645783138
1646103395
1650406174
1650613112
1650935841
1651353144
1651932710
1653375117
1657045676
1657074155
1660354143
1665223476
1667987011
1670419143
1672454390
1673084003
1681617469
1682001208
1683648183
1688969313
1689410995
1689907854
1693492610
1694120822
1696162965
1698829809
1703925219
1704408678
1704547838
1706684147
1707034758
1711791160
1713022477
1716671546
1718782132
1725219231
1725655159
1730615083
1733842336
1735108282
1736672740
1737684535
1738039391
1743307595
1748103243
1750463428
1751769314
1754195470
1756479301
1759330149
1760372515
1768756727
1773753412
1775755140
1779880920
1785836007
1787969829
1788908285
1789960447
1792604412
1792773133
1793702004
1798885660
1799260789
1800007923
1800691600
1801437660
1801587408
1802293860
1804165069
1806227993
1808494803
1809654118
1810070603
1813174198
1815274272
1824234020
1829267328
1830478809
1832984030
1833556323
1836243916
1837400245
1839532362
1839765134
1840569149
1841903156
1842212212
1842416566
1844570592
1845185537
1845825922
1848548528
1849259798
1854736605
1854965089
1855989182
1857649564
1860623769
1871505171
1875814490
1877388789
1883973925
1884167676
1886577343
1897784361
1899137433
1899267636
1900121590
1900131664
1907627203
1909611298
1910941573
1910987508
1914305553
1915469007
1917614160
1918662767
1919990058
1922044529
1922621873
1923482565
1923868201
1925911559
1929522579
1931701117
1933118643
1933983409
1934091766
1934860169
1939064975
1942478921
1942912936
1942924924
1944740961
1945333791
1946600463
1946790671
1948602184
1948879969
1949192325
1951051140
1954406448
1955689239
1962332982
1962901766
1963232590
1967830170
1968129021
1969906753
1975425572
1976907505
1978044592
1983145480
1984477221
1984682886
1987368188
1990145639
1990478802
1993743831
1994301616
1994307037
1997090781
1997477509
1999570853
2000037803
2000862492
2001979229
2003514658
2003661711
2009222407
2009511454
2012224042
2014842259
2017223681
2017711017
2022932801
2023778170
2024061495
2025668915
2028515339
2031513223
2031822538
2032645944
2035642361
2036098030
2038056299
2038874206
2041161602
2045502872
2047338073
2048862717
2049295978
2050016512
2051757999
2054096591
2060006963
2063601532
2066757930
2067057395
2070807574
2073503390
2076910731
2079388263
2080282401
2082603386
2082837304
2083706513
2086368849
2090584180
2091235855
2091452940
2094408395
2100766334
2101238622
2102005161
2104508234
2106911467
2107758274
2109708710
2111387622
2114019757
2114848248
2115180411
2117187729
2117503107
2121470004
2126085602
2128871621
2133543675
2135154470
2140123859
2141585340
2142880655
2147236379
