0 268435456
46 16777216
72 268435456
77 16777216
105 268435456
112 16777216
142 268435456
148 16777216
181 268435456
186 16777216
220 268435456
224 16777216
251 268435456
256 16777216
289 268435456
294 16777216
326 268435456
326 16777216
622 268435456
629 16777216
668 268435456
674 16777216
707 268435456
715 16777216
748 268435456
753 16777216
783 268435456
789 16777216
822 268435456
827 16777216
864 268435456
869 16777216
907 268435456
915 16777216
952 268435456
952 16777216
1216 268435456
1227 16777216
1251 268435456
1257 16777216
1283 268435456
1290 16777216
1323 268435456
1330 16777216
1363 268435456
1369 16777216
1401 268435456
1407 16777216
1441 268435456
1449 16777216
1486 268435456
1493 16777216
1540 268435456
1541 16777216
1821 268435456
1825 16777216
1861 268435456
1868 16777216
1903 268435456
1910 16777216
1949 268435456
1954 16777216
1987 268435456
1995 16777216
2031 268435456
2038 16777216
2073 268435456
2079 16777216
2113 268435456
2121 16777216
2153 268435456
2153 16777216
2420 268435456
2427 16777216
2459 268435456
2465 16777216
2497 268435456
2505 16777216
2535 268435456
2545 16777216
2581 268435456
2587 16777216
2620 268435456
2627 16777216
2664 268435456
2671 16777216
2706 268435456
2712 16777216
2746 268435456
2746 16777216
3013 268435456
3018 16777216
3054 268435456
3061 16777216
3103 268435456
3110 16777216
3146 268435456
3153 16777216
3187 268435456
3194 16777216
3229 268435456
3239 16777216
3279 268435456
3286 16777216
3316 268435456
3323 16777216
3364 268435456
3364 16777216
3635 268435456
3643 16777216
3676 268435456
3683 16777216
3721 268435456
3731 16777216
3763 268435456
3770 16777216
3809 268435456
3815 16777216
3851 268435456
3858 16777216
3888 268435456
3895 16777216
3928 268435456
3933 16777216
3966 268435456
3966 16777216
4239 268435456
4248 16777216
4279 268435456
4287 16777216
4320 268435456
4329 16777216
4369 268435456
4374 16777216
4409 268435456
4416 16777216
4448 268435456
4454 16777216
4489 268435456
4497 16777216
4532 268435456
4538 16777216
4573 268435456
4573 16777216
4843 268435456
4843 16777216
9860 268435456
