0 268435456
102 301989888
140 268435456
146 301989888
184 268435456
190 301989888
228 268435456
234 301989888
273 268435456
279 301989888
322 268435456
334 301989888
382 268435456
399 301989888
440 268435456
450 301989888
491 268435456
492 536870912
1059 268435456
1126 301989888
1218 268435456
1272 301989888
1375 268435456
1453 301989888
1552 268435456
1608 301989888
1718 268435456
1777 301989888
1886 268435456
1947 301989888
2052 268435456
2113 301989888
2218 268435456
2273 301989888
2379 268435456
2379 536870912
3083 268435456
3176 301989888
3282 268435456
3366 301989888
3473 268435456
3550 301989888
3654 268435456
3705 301989888
3810 268435456
3910 301989888
4016 268435456
4080 301989888
4183 268435456
4242 301989888
4345 268435456
4407 301989888
4518 268435456
4518 536870912
5237 268435456
5328 301989888
5433 268435456
5484 301989888
5587 268435456
5641 301989888
5746 268435456
5809 301989888
5914 268435456
6002 301989888
6106 268435456
6173 301989888
6276 268435456
6341 301989888
6450 268435456
6513 301989888
6618 268435456
6618 536870912
7309 268435456
7396 301989888
7497 268435456
7580 301989888
7691 268435456
7754 301989888
7863 268435456
7920 301989888
8024 268435456
8097 301989888
8201 268435456
8275 301989888
8376 268435456
8442 301989888
8544 268435456
8608 301989888
8712 268435456
8712 536870912
9408 268435456
9493 301989888
9596 268435456
9648 301989888
9753 268435456
9815 301989888
9919 268435456
9978 301989888
10082 268435456
10137 301989888
10240 268435456
10290 301989888
10396 268435456
10451 301989888
10557 268435456
10618 301989888
10727 268435456
10727 536870912
11349 268435456
11413 301989888
11507 268435456
11556 301989888
11661 268435456
11727 301989888
11828 268435456
11891 301989888
11995 268435456
12048 301989888
12152 268435456
12215 301989888
12324 268435456
12398 301989888
12502 268435456
12576 301989888
12681 268435456
12681 536870912
13322 268435456
13407 301989888
13502 268435456
13553 301989888
13661 268435456
13723 301989888
13828 268435456
13891 301989888
13999 268435456
14060 301989888
14175 268435456
14242 301989888
14351 268435456
14415 301989888
14519 268435456
14592 301989888
14699 268435456
14699 536870912
15351 268435456
15351 2415919104
19908 268435456
