0 268435456
47 285212672
76 268435456
79 285212672
107 268435456
111 285212672
138 268435456
141 285212672
169 268435456
172 285212672
201 268435456
205 285212672
235 268435456
238 285212672
267 268435456
270 285212672
300 268435456
300 402653184
539 268435456
546 285212672
578 268435456
582 285212672
612 268435456
615 285212672
643 268435456
647 285212672
675 268435456
678 285212672
707 268435456
710 285212672
739 268435456
743 285212672
769 268435456
773 285212672
802 268435456
802 402653184
1052 268435456
1063 285212672
1094 268435456
1097 285212672
1120 268435456
1124 285212672
1151 268435456
1155 285212672
1180 268435456
1184 285212672
1211 268435456
1214 285212672
1242 268435456
1245 285212672
1273 268435456
1277 285212672
1302 268435456
1302 402653184
1550 268435456
1564 285212672
1597 268435456
1601 285212672
1629 268435456
1632 285212672
1663 268435456
1666 285212672
1694 268435456
1697 285212672
1726 268435456
1729 285212672
1758 268435456
1762 285212672
1790 268435456
1793 285212672
1820 268435456
1820 402653184
2071 268435456
2082 285212672
2112 268435456
2115 285212672
2143 268435456
2146 285212672
2174 268435456
2177 285212672
2206 268435456
2210 285212672
2237 268435456
2240 285212672
2268 268435456
2271 285212672
2301 268435456
2304 285212672
2334 268435456
2334 402653184
2583 268435456
2591 285212672
2626 268435456
2629 285212672
2659 268435456
2663 285212672
2690 268435456
2694 285212672
2720 268435456
2724 285212672
2751 268435456
2754 285212672
2781 268435456
2785 285212672
2815 268435456
2818 285212672
2844 268435456
2844 402653184
3099 268435456
3107 285212672
3141 268435456
3145 285212672
3172 268435456
3176 285212672
3204 268435456
3207 285212672
3236 268435456
3239 285212672
3268 268435456
3271 285212672
3297 268435456
3301 285212672
3328 268435456
3331 285212672
3357 268435456
3357 402653184
3610 268435456
3622 285212672
3655 268435456
3658 285212672
3687 268435456
3690 285212672
3717 268435456
3721 285212672
3750 268435456
3754 285212672
3782 268435456
3785 285212672
3813 268435456
3817 285212672
3845 268435456
3849 285212672
3876 268435456
3876 402653184
4127 268435456
4127 1342177280
6106 268435456
