0 268435456
47 134217728
70 268435456
73 134217728
103 268435456
107 134217728
136 268435456
140 134217728
166 268435456
169 134217728
199 268435456
202 134217728
230 268435456
234 134217728
262 268435456
265 134217728
293 268435456
293 134217728
574 268435456
579 134217728
612 268435456
616 134217728
647 268435456
653 134217728
683 268435456
689 134217728
720 268435456
724 134217728
756 268435456
761 134217728
792 268435456
797 134217728
829 268435456
833 134217728
862 268435456
862 134217728
1115 268435456
1120 134217728
1153 268435456
1158 134217728
1190 268435456
1195 134217728
1228 268435456
1233 134217728
1265 268435456
1270 134217728
1303 268435456
1308 134217728
1344 268435456
1349 134217728
1381 268435456
1387 134217728
1419 268435456
1419 134217728
1678 268435456
1683 134217728
1714 268435456
1719 134217728
1752 268435456
1757 134217728
1789 268435456
1793 134217728
1826 268435456
1831 134217728
1862 268435456
1867 134217728
1898 268435456
1904 134217728
1934 268435456
1940 134217728
1972 268435456
1972 134217728
2224 268435456
2229 134217728
2262 268435456
2267 134217728
2296 268435456
2301 134217728
2331 268435456
2336 134217728
2367 268435456
2372 134217728
2406 268435456
2411 134217728
2442 268435456
2448 134217728
2479 268435456
2484 134217728
2512 268435456
2512 134217728
2764 268435456
2768 134217728
2799 268435456
2804 134217728
2836 268435456
2840 134217728
2868 268435456
2874 134217728
2906 268435456
2911 134217728
2942 268435456
2947 134217728
2982 268435456
2987 134217728
3018 268435456
3023 134217728
3054 268435456
3054 134217728
3314 268435456
3319 134217728
3350 268435456
3355 134217728
3388 268435456
3393 134217728
3424 268435456
3429 134217728
3461 268435456
3466 134217728
3497 268435456
3501 134217728
3534 268435456
3540 134217728
3570 268435456
3574 134217728
3605 268435456
3606 134217728
3860 268435456
3865 134217728
3895 268435456
3899 134217728
3931 268435456
3936 134217728
3968 268435456
3973 134217728
4006 268435456
4011 134217728
4042 268435456
4047 134217728
4075 268435456
4081 134217728
4108 268435456
4113 134217728
4142 268435456
4142 134217728
4374 268435456
4374 134217728
7453 268435456
