0 268435456
102 134217728
154 268435456
172 134217728
229 268435456
249 134217728
316 268435456
345 134217728
411 268435456
436 134217728
504 268435456
530 134217728
609 268435456
639 134217728
710 268435456
744 134217728
812 268435456
812 134217728
1853 268435456
1931 134217728
2044 268435456
2114 134217728
2231 268435456
2297 134217728
2408 268435456
2496 134217728
2607 268435456
2689 134217728
2808 268435456
2876 134217728
2987 268435456
3069 134217728
3191 268435456
3264 134217728
3380 268435456
3380 134217728
4427 268435456
4506 134217728
4625 268435456
4727 134217728
4849 268435456
4924 134217728
5050 268435456
5124 134217728
5245 268435456
5354 134217728
5465 268435456
5536 134217728
5655 268435456
5724 134217728
5841 268435456
5913 134217728
6034 268435456
6034 134217728
7108 268435456
7182 134217728
7300 268435456
7378 134217728
7500 268435456
7589 134217728
7713 268435456
7796 134217728
7914 268435456
7985 134217728
8097 268435456
8164 134217728
8280 268435456
8351 134217728
8470 268435456
8542 134217728
8660 268435456
8660 134217728
9728 268435456
9811 134217728
9934 268435456
10019 134217728
10142 268435456
10224 134217728
10343 268435456
10428 134217728
10544 268435456
10607 134217728
10718 268435456
10780 134217728
10894 268435456
10965 134217728
11085 268435456
11157 134217728
11275 268435456
11275 134217728
12301 268435456
12393 134217728
12506 268435456
12572 134217728
12677 268435456
12739 134217728
12850 268435456
12911 134217728
13024 268435456
13086 134217728
13198 268435456
13261 134217728
13371 268435456
13440 134217728
13549 268435456
13616 134217728
13727 268435456
13728 134217728
14792 268435456
14865 134217728
14985 268435456
15056 134217728
15170 268435456
15250 134217728
15373 268435456
15454 134217728
15574 268435456
15654 134217728
15772 268435456
15852 134217728
15964 268435456
16033 134217728
16147 268435456
16205 134217728
16316 268435456
16316 134217728
17389 268435456
17472 134217728
17591 268435456
17656 134217728
17770 268435456
17836 134217728
17955 268435456
18023 134217728
18144 268435456
18215 134217728
18334 268435456
18401 134217728
18515 268435456
18580 134217728
18697 268435456
18756 134217728
18868 268435456
18868 134217728
19947 268435456
19947 134217728
31574 268435456
